PtID	Alias	ExactDateUnknown	DrugOrderUnknown	StartDate	StopDate	APV	IDV	LPV	NFV	RTV	SQV	ATV	AZT	DDI	DDC	D4T	3TC	ABC	ADV	TDF	NVP	DLV	EFV	Unknown	PI	RTI	NRTI	NNRTI
19190	HAVANA9460	No	No	-370	-227	0	0	0	0	0	0	0	1	0	0	0	0	0	0	0	0	0	0	0	0	0	0	0
19190	HAVANA9460	No	No	-227	-111	0	0	0	0	0	0	0	1	0	0	0	1	0	0	0	0	0	0	0	0	0	0	0
19190	HAVANA9460	No	No	-111	-103	0	0	0	0	0	1	0	0	0	0	1	1	0	0	0	0	0	0	0	0	0	0	0
19190	HAVANA9460	No	No	-103	0	0	0	0	0	1	0	0	0	1	0	1	0	0	0	0	0	0	0	0	0	0	0	0
19190	HAVANA9460	No	No	0	52	0	0	0	0	0	0	0	0	1	0	1	0	0	0	0	1	0	0	0	0	0	0	0
19191	HAVANA20619	No	No	-219	-216	0	0	0	0	0	0	0	1	0	0	0	0	0	0	0	0	0	0	0	0	0	0	0
19191	HAVANA20619	No	No	-216	-180	0	0	0	0	0	0	0	1	0	1	0	0	0	0	0	0	0	0	0	0	0	0	0
19191	HAVANA20619	No	No	-180	-93	0	0	0	0	0	0	0	1	0	0	0	1	0	0	0	0	0	0	0	0	0	0	0
19191	HAVANA20619	No	No	-93	-71	0	1	0	0	0	0	0	0	0	0	1	1	0	0	0	0	0	0	0	0	0	0	0
19191	HAVANA20619	No	No	-71	-32	0	0	0	0	1	1	0	0	1	0	1	0	0	0	0	0	0	0	0	0	0	0	0
19191	HAVANA20619	No	No	-32	0	0	0	0	1	1	0	0	0	0	0	0	0	0	0	0	1	0	0	0	0	0	0	0
19191	HAVANA20619	No	No	0	52	0	0	0	0	0	0	0	0	1	0	1	0	1	0	0	0	0	1	0	0	0	0	0
19192	HAVANA21682	No	No	-60	-34	0	1	0	0	0	0	0	0	0	0	0	0	0	0	0	0	0	1	0	0	0	0	0
19192	HAVANA21682	No	No	-34	0	0	1	0	0	0	0	0	1	0	0	0	1	0	0	0	0	0	0	0	0	0	0	0
19192	HAVANA21682	No	No	0	52	0	0	0	0	0	0	0	0	1	0	1	1	0	0	0	0	0	0	0	0	0	0	0
19193	HAVANA26498	No	No	-141	-25	0	1	0	0	0	0	0	1	0	0	0	1	0	0	0	0	0	0	0	0	0	0	0
19193	HAVANA26498	No	No	-25	0	0	1	0	0	0	0	0	0	0	0	0	1	0	0	0	1	0	0	0	0	0	0	0
19193	HAVANA26498	No	No	0	52	0	0	0	0	0	0	0	1	0	0	0	1	1	0	0	0	0	0	0	0	0	0	0
19194	HAVANA30528	No	No	-450	-345	0	0	0	0	0	0	0	1	0	0	0	0	0	0	0	0	0	0	0	0	0	0	0
19194	HAVANA30528	No	No	-345	-280	0	0	0	0	0	0	0	0	1	0	0	0	0	0	0	0	0	0	0	0	0	0	0
19194	HAVANA30528	No	No	-280	-219	0	0	0	0	0	0	0	1	1	0	0	0	0	0	0	0	0	0	0	0	0	0	0
19194	HAVANA30528	No	No	-219	-215	0	0	0	0	0	0	0	1	1	0	0	0	0	0	0	0	0	0	0	0	0	0	0
19194	HAVANA30528	No	No	-215	-167	0	0	0	0	1	0	0	1	1	0	0	0	0	0	0	0	0	0	0	0	0	0	0
19194	HAVANA30528	No	No	-167	-141	0	0	0	0	1	0	0	1	1	0	0	1	0	0	0	0	0	0	0	0	0	0	0
19194	HAVANA30528	No	No	-141	-119	0	0	0	0	1	1	0	1	1	0	0	1	0	0	0	0	0	0	0	0	0	0	0
19194	HAVANA30528	No	No	-119	-76	0	0	0	0	1	1	0	0	0	0	1	1	0	0	0	0	0	0	0	0	0	0	0
19194	HAVANA30528	No	No	-76	0	0	0	0	1	0	1	0	0	0	0	1	1	1	0	0	1	0	0	0	0	0	0	0
19194	HAVANA30528	No	No	0	52	0	0	0	1	0	1	0	0	0	0	0	1	1	0	0	1	0	0	0	0	0	0	0
19195	HAVANA42402	No	No	-95	0	0	0	0	0	0	1	0	0	0	0	1	1	0	0	0	0	0	0	0	0	0	0	0
19195	HAVANA42402	No	No	0	52	0	1	0	0	0	0	0	0	1	0	1	0	0	0	0	0	0	0	0	0	0	0	0
19196	HAVANA42476	No	No	-221	-129	0	0	0	0	0	0	0	1	0	1	0	0	0	0	0	0	0	0	0	0	0	0	0
19196	HAVANA42476	No	No	-129	-45	0	1	0	0	0	0	0	1	0	0	0	1	0	0	0	0	0	0	0	0	0	0	0
19196	HAVANA42476	No	No	-45	0	0	0	0	1	1	0	0	0	0	0	0	0	0	0	0	1	0	0	0	0	0	0	0
19196	HAVANA42476	No	No	0	52	0	0	0	0	1	1	0	0	1	0	1	0	1	0	0	0	0	0	0	0	0	0	0
19197	HAVANA50331	No	No	-243	-163	0	0	0	0	0	0	0	1	0	1	0	0	0	0	0	0	0	0	0	0	0	0	0
19197	HAVANA50331	No	No	-163	-156	0	0	0	0	0	0	0	1	0	1	0	1	0	0	0	0	0	0	0	0	0	0	0
19197	HAVANA50331	No	No	-156	-60	0	1	0	0	0	0	0	0	0	0	1	1	0	0	0	0	0	0	0	0	0	0	0
19197	HAVANA50331	No	No	-60	0	0	0	0	0	0	0	0	0	1	0	1	0	0	0	0	1	0	0	0	0	0	0	0
19197	HAVANA50331	No	No	0	52	0	0	0	0	1	1	0	0	1	0	0	0	1	0	0	0	0	0	0	0	0	0	0
19198	HAVANA57699	No	No	-90	-64	0	0	0	0	0	0	0	0	1	0	1	0	0	0	0	1	0	0	0	0	0	0	0
19198	HAVANA57699	No	No	-64	-60	0	0	0	0	0	0	0	0	0	0	0	0	0	0	0	0	0	0	0	0	0	0	0
19198	HAVANA57699	No	No	-60	-57	0	1	0	0	0	0	0	1	0	0	0	1	0	0	0	0	0	0	0	0	0	0	0
19198	HAVANA57699	No	No	-57	-29	0	1	0	0	0	0	0	0	0	0	0	1	0	0	0	1	0	0	0	0	0	0	0
19198	HAVANA57699	No	No	-29	0	0	0	0	1	0	0	0	0	0	0	0	1	0	0	0	1	0	0	0	0	0	0	0
19198	HAVANA57699	No	No	0	52	0	1	0	0	1	0	0	0	1	0	0	1	0	0	0	0	0	1	0	0	0	0	0
19199	HAVANA59314	No	No	-443	-409	0	0	0	0	0	0	0	1	0	0	0	0	0	0	0	0	0	0	0	0	0	0	0
19199	HAVANA59314	No	No	-409	-219	0	0	0	0	0	0	0	0	0	0	0	0	0	0	0	0	0	0	0	0	0	0	0
19199	HAVANA59314	No	No	-219	-109	0	0	0	0	0	0	0	1	0	1	0	0	0	0	0	0	0	0	0	0	0	0	0
19199	HAVANA59314	No	No	-109	0	0	0	0	0	0	1	0	0	1	0	1	0	0	0	0	0	0	0	0	0	0	0	0
19199	HAVANA59314	No	No	0	52	0	1	0	0	0	0	0	0	0	0	0	1	1	0	0	0	0	1	0	0	0	0	0
19200	HAVANA64291	No	No	-315	-251	0	0	0	0	0	0	0	0	1	0	0	0	0	0	0	0	0	0	0	0	0	0	0
19200	HAVANA64291	No	No	-251	-139	0	0	0	0	0	0	0	1	0	1	0	0	0	0	0	0	0	0	0	0	0	0	0
19200	HAVANA64291	No	No	-139	-103	0	0	0	0	0	0	0	1	0	1	0	1	0	0	0	0	0	0	0	0	0	0	0
19200	HAVANA64291	No	No	-103	0	0	1	0	0	0	0	0	0	0	0	1	1	0	0	0	0	0	0	0	0	0	0	0
19200	HAVANA64291	No	No	0	52	0	0	0	0	1	1	0	0	1	0	0	0	0	0	0	1	0	0	0	0	0	0	0
19201	HAVANA97280	No	No	-402	-143	0	0	0	0	0	0	0	1	0	0	0	0	0	0	0	0	0	0	0	0	0	0	0
19201	HAVANA97280	No	No	-143	0	0	0	0	0	0	0	0	0	1	0	1	0	0	0	0	0	0	0	0	0	0	0	0
19201	HAVANA97280	No	No	0	52	0	0	0	1	0	0	0	1	1	0	0	1	0	0	0	0	0	0	0	0	0	0	0
19202	HAVANA110634	No	No	-145	-80	0	0	0	0	0	0	0	1	0	1	0	0	0	0	0	0	0	0	0	0	0	0	0
19202	HAVANA110634	No	No	-80	0	0	1	0	0	0	0	0	0	1	0	1	0	0	0	0	0	0	0	0	0	0	0	0
19202	HAVANA110634	No	No	0	52	0	0	0	0	1	1	0	0	1	0	0	1	0	0	0	0	0	0	0	0	0	0	0
19203	HAVANA110855	No	No	-426	-321	0	0	0	0	0	0	0	1	0	0	0	0	0	0	0	0	0	0	0	0	0	0	0
19203	HAVANA110855	No	No	-321	-233	0	0	0	0	0	0	0	1	1	0	0	0	0	0	0	0	0	0	0	0	0	0	0
19203	HAVANA110855	No	No	-233	-164	0	0	0	0	0	0	0	1	1	0	0	1	0	0	0	0	0	0	0	0	0	0	0
19203	HAVANA110855	No	No	-164	-145	0	0	0	0	1	0	0	1	1	0	0	1	0	0	0	0	0	0	0	0	0	0	0
19203	HAVANA110855	No	No	-145	-98	0	0	0	0	1	0	0	0	0	0	1	1	0	0	0	0	0	0	0	0	0	0	0
19203	HAVANA110855	No	No	-98	-43	0	0	0	0	1	1	0	0	0	0	1	1	0	0	0	0	0	0	0	0	0	0	0
19203	HAVANA110855	No	No	-43	-41	0	0	0	1	1	1	0	0	0	0	0	0	1	0	0	0	0	1	0	0	0	0	0
19203	HAVANA110855	No	No	-41	0	0	0	0	1	1	1	0	0	0	0	0	1	0	0	0	0	0	1	0	0	0	0	0
19203	HAVANA110855	No	No	0	52	0	0	0	1	1	1	0	0	0	0	0	1	0	0	0	0	0	1	0	0	0	0	0
19204	HAVANA116117	No	No	-378	-319	0	0	0	0	0	0	0	1	0	0	0	0	0	0	0	0	0	0	0	0	0	0	0
19204	HAVANA116117	No	No	-319	-177	0	0	0	0	0	0	0	0	1	0	0	0	0	0	0	0	0	0	0	0	0	0	0
19204	HAVANA116117	No	No	-177	-103	0	0	0	0	0	0	0	1	1	0	0	0	0	0	0	0	0	0	0	0	0	0	0
19204	HAVANA116117	No	No	-103	-40	0	0	0	0	0	1	0	0	0	0	1	1	0	0	0	0	0	0	0	0	0	0	0
19204	HAVANA116117	No	No	-40	0	0	1	0	0	0	0	0	0	0	0	1	1	0	0	0	0	0	0	0	0	0	0	0
19204	HAVANA116117	No	No	0	52	0	0	0	0	0	0	0	0	1	0	1	0	0	0	0	1	0	0	0	0	0	0	0
19205	HAVANA117405	No	No	-390	-303	0	0	0	0	0	0	0	1	0	0	0	0	0	0	0	0	0	0	0	0	0	0	0
19205	HAVANA117405	No	No	-303	-159	0	0	0	0	0	0	0	1	0	1	0	0	0	0	0	0	0	0	0	0	0	0	0
19205	HAVANA117405	No	No	-159	-65	0	0	0	0	0	1	0	1	0	1	0	0	0	0	0	0	0	0	0	0	0	0	0
19205	HAVANA117405	No	No	-65	0	0	0	0	0	1	1	0	0	1	0	1	0	0	0	0	0	0	0	0	0	0	0	0
19205	HAVANA117405	No	No	0	52	0	0	0	0	0	0	0	0	1	0	0	1	1	0	0	0	0	1	0	0	0	0	0
19206	HAVANA119733	No	No	-382	-265	0	0	0	0	0	0	0	1	0	0	0	0	0	0	0	0	0	0	0	0	0	0	0
19206	HAVANA119733	No	No	-265	-134	0	0	0	0	0	0	0	1	0	1	0	0	0	0	0	0	0	0	0	0	0	0	0
19206	HAVANA119733	No	No	-134	-117	0	1	0	0	0	0	0	1	0	1	0	0	0	0	0	0	0	0	0	0	0	0	0
19206	HAVANA119733	No	No	-117	0	0	1	0	0	0	0	0	0	0	0	1	1	0	0	0	0	0	0	0	0	0	0	0
19206	HAVANA119733	No	No	0	52	0	0	0	0	0	0	0	0	1	0	1	0	0	0	0	1	0	0	0	0	0	0	0
19207	HAVANA136040	No	No	-49	0	0	0	0	1	0	0	0	0	0	0	1	1	0	0	0	0	0	0	0	0	0	0	0
19207	HAVANA136040	No	No	0	52	0	1	0	0	0	0	0	1	1	0	0	0	0	0	0	0	0	0	0	0	0	0	0
19208	HAVANA137532	No	No	-235	-139	0	0	0	0	0	0	0	1	0	1	0	0	0	0	0	0	0	0	0	0	0	0	0
19208	HAVANA137532	No	No	-139	-122	0	0	0	0	0	0	0	0	0	0	1	1	0	0	0	0	0	0	0	0	0	0	0
19208	HAVANA137532	No	No	-122	0	0	0	0	0	0	1	0	0	0	0	1	1	0	0	0	0	0	0	0	0	0	0	0
19208	HAVANA137532	No	No	0	52	0	0	0	0	0	0	0	0	1	0	1	0	0	0	0	0	0	1	0	0	0	0	0
19209	HAVANA140180	No	No	-363	-346	0	0	0	0	0	0	0	1	0	0	0	0	0	0	0	0	0	0	0	0	0	0	0
19209	HAVANA140180	No	No	-346	-207	0	0	0	0	0	0	0	1	0	1	0	0	0	0	0	0	0	0	0	0	0	0	0
19209	HAVANA140180	No	No	-207	-33	0	1	0	0	0	0	0	0	0	0	1	1	0	0	0	0	0	0	0	0	0	0	0
19209	HAVANA140180	No	No	-33	0	0	1	0	0	1	0	0	0	0	0	1	1	0	0	0	0	0	0	0	0	0	0	0
19209	HAVANA140180	No	No	0	52	0	1	0	0	1	0	0	0	0	0	1	1	0	0	0	0	0	0	0	0	0	0	0
19210	HAVANA154695	No	No	-407	-260	0	0	0	0	0	0	0	1	0	0	0	0	0	0	0	0	0	0	0	0	0	0	0
19210	HAVANA154695	No	No	-260	-195	0	0	0	0	0	0	0	1	0	0	0	1	0	0	0	0	0	0	0	0	0	0	0
19210	HAVANA154695	No	No	-195	-177	0	0	0	0	1	0	0	1	0	0	0	1	0	0	0	0	0	0	0	0	0	0	0
19210	HAVANA154695	No	No	-177	-155	0	1	0	0	0	0	0	0	0	0	1	1	0	0	0	0	0	0	0	0	0	0	0
19210	HAVANA154695	No	No	-155	-138	0	0	0	0	0	0	0	1	0	1	0	0	0	0	0	0	0	0	0	0	0	0	0
19210	HAVANA154695	No	No	-138	-90	0	1	0	0	0	1	0	0	0	0	0	1	0	0	0	1	0	0	0	0	0	0	0
19210	HAVANA154695	No	No	-90	-77	0	0	0	1	0	1	0	0	1	0	0	1	0	0	0	1	0	0	0	0	0	0	0
19210	HAVANA154695	No	No	-77	0	0	0	0	1	1	1	0	0	1	0	1	1	0	0	0	1	0	0	0	0	0	0	0
19210	HAVANA154695	No	No	0	52	0	0	0	1	1	1	0	0	1	0	1	1	0	0	0	1	0	0	0	0	0	0	0
19211	HAVANA177294	No	No	-351	-209	0	0	0	0	0	0	0	1	0	0	0	0	0	0	0	0	0	0	0	0	0	0	0
19211	HAVANA177294	No	No	-209	-122	0	0	0	0	0	0	0	1	1	0	0	0	0	0	0	0	0	0	0	0	0	0	0
19211	HAVANA177294	No	No	-122	-33	0	1	0	0	0	0	0	0	0	0	1	1	0	0	0	0	0	0	0	0	0	0	0
19211	HAVANA177294	No	No	-33	0	0	0	0	1	0	0	0	0	0	0	1	1	0	0	0	0	0	0	0	0	0	0	0
19211	HAVANA177294	No	No	0	52	0	1	0	0	1	0	0	0	1	0	0	0	0	0	0	1	0	0	0	0	0	0	0
19212	HAVANA178696	No	No	0	52	0	1	0	0	1	0	0	0	1	0	1	0	0	0	0	0	0	0	0	0	0	0	0
19213	HAVANA191730	No	No	-140	-92	0	0	0	0	0	0	0	1	1	0	0	0	0	0	0	0	0	0	0	0	0	0	0
19213	HAVANA191730	No	No	-92	0	0	0	0	0	0	0	0	0	0	0	1	1	0	0	0	0	0	0	0	0	0	0	0
19213	HAVANA191730	No	No	0	52	0	0	0	1	0	0	0	0	1	0	1	0	0	0	0	1	0	0	0	0	0	0	0
19214	HAVANA193544	No	No	-281	-141	0	0	0	0	0	0	0	1	0	1	0	0	0	0	0	0	0	0	0	0	0	0	0
19214	HAVANA193544	No	No	-141	-111	0	0	0	0	0	1	0	1	0	1	0	0	0	0	0	0	0	0	0	0	0	0	0
19214	HAVANA193544	No	No	-111	-47	0	0	0	0	1	0	0	0	0	0	1	1	0	0	0	0	0	0	0	0	0	0	0
19214	HAVANA193544	No	No	-47	0	0	0	0	0	1	1	0	0	1	0	1	0	0	0	0	0	0	0	0	0	0	0	0
19214	HAVANA193544	No	No	0	52	0	0	0	0	0	0	0	0	1	0	0	0	1	0	0	0	0	1	0	0	0	0	0
19215	HAVANA223573	No	No	-395	-251	0	0	0	0	0	0	0	1	0	0	0	0	0	0	0	0	0	0	0	0	0	0	0
19215	HAVANA223573	No	No	-251	-195	0	0	0	0	0	0	0	0	1	0	0	0	0	0	0	0	0	0	0	0	0	0	0
19215	HAVANA223573	No	No	-195	-147	0	0	0	0	0	0	0	1	0	0	0	1	0	0	0	0	0	0	0	0	0	0	0
19215	HAVANA223573	No	No	-147	-143	0	0	0	0	1	0	0	1	0	0	0	1	0	0	0	0	0	0	0	0	0	0	0
19215	HAVANA223573	No	No	-143	-108	0	1	0	0	0	0	0	0	0	0	1	1	0	0	0	0	0	0	0	0	0	0	0
19215	HAVANA223573	No	No	-108	-47	0	1	0	0	0	1	0	0	0	0	1	1	0	0	0	0	0	0	0	0	0	0	0
19215	HAVANA223573	No	No	-47	0	0	0	0	1	1	0	0	0	1	0	0	0	0	0	0	1	0	0	0	0	0	0	0
19215	HAVANA223573	No	No	0	52	0	1	0	0	1	0	0	0	1	0	0	1	0	0	0	0	0	0	0	0	0	0	0
19216	HAVANA226575	No	No	-483	-431	0	0	0	0	0	0	0	1	0	0	0	0	0	0	0	0	0	0	0	0	0	0	0
19216	HAVANA226575	No	No	-431	-131	0	0	0	0	0	0	0	1	0	1	0	0	0	0	0	0	0	0	0	0	0	0	0
19216	HAVANA226575	No	No	-131	-53	0	1	0	0	0	0	0	1	0	0	0	1	0	0	0	0	0	0	0	0	0	0	0
19216	HAVANA226575	No	No	-53	0	0	0	0	1	0	0	0	0	0	0	1	1	0	0	0	0	0	0	0	0	0	0	0
19216	HAVANA226575	No	No	0	52	0	0	0	0	1	1	0	0	1	0	0	0	0	0	0	1	0	0	0	0	0	0	0
19217	HAVANA230927	No	No	-212	-169	0	0	0	0	0	0	0	1	0	1	0	1	0	0	0	0	0	0	0	0	0	0	0
19217	HAVANA230927	No	No	-169	-141	0	0	0	0	1	0	0	1	0	0	0	1	0	0	0	0	0	0	0	0	0	0	0
19217	HAVANA230927	No	No	-141	-85	0	0	0	0	1	0	0	0	0	0	1	1	0	0	0	0	0	0	0	0	0	0	0
19217	HAVANA230927	No	No	-85	-46	0	1	0	0	0	0	0	0	0	0	1	1	0	0	0	0	0	0	0	0	0	0	0
19217	HAVANA230927	No	No	-46	0	0	0	0	0	0	0	0	0	1	0	1	0	0	0	0	1	0	0	0	0	0	0	0
19217	HAVANA230927	No	No	0	52	0	1	0	0	1	0	0	0	1	0	0	0	0	0	0	0	0	1	0	0	0	0	0
19218	HAVANA234191	No	No	-161	-134	0	0	0	0	0	0	0	1	1	0	0	0	0	0	0	0	0	0	0	0	0	0	0
19218	HAVANA234191	No	No	-134	-92	0	0	0	0	0	0	0	1	1	0	0	1	0	0	0	0	0	0	0	0	0	0	0
19218	HAVANA234191	No	No	-92	-53	0	0	0	0	0	1	0	0	0	0	1	1	0	0	0	0	0	0	0	0	0	0	0
19218	HAVANA234191	No	No	-53	0	0	0	0	1	0	0	0	0	1	0	1	0	0	0	0	1	0	0	0	0	0	0	0
19218	HAVANA234191	No	No	0	52	0	1	0	0	1	0	0	0	1	0	1	0	0	0	0	0	0	0	0	0	0	0	0
19219	HAVANA235641	No	No	-119	0	0	0	0	0	0	1	0	1	0	0	0	1	0	0	0	0	0	0	0	0	0	0	0
19219	HAVANA235641	No	No	0	52	0	0	0	0	1	1	0	1	1	0	0	1	0	0	0	0	0	0	0	0	0	0	0
19220	HAVANA235720	No	No	-176	-139	0	0	0	0	0	0	0	1	0	1	0	0	0	0	0	0	0	0	0	0	0	0	0
19220	HAVANA235720	No	No	-139	-136	0	0	0	0	1	0	0	1	0	1	0	0	0	0	0	0	0	0	0	0	0	0	0
19220	HAVANA235720	No	No	-136	0	0	0	0	0	1	0	0	0	1	0	1	0	0	0	0	0	0	0	0	0	0	0	0
19220	HAVANA235720	No	No	0	52	0	0	0	0	0	0	0	0	0	0	1	1	0	0	0	1	0	0	0	0	0	0	0
19221	HAVANA249753	No	No	-180	-151	0	0	0	0	0	0	0	1	0	1	0	0	0	0	0	0	0	0	0	0	0	0	0
19221	HAVANA249753	No	No	-151	-108	0	0	0	0	0	0	0	1	0	1	0	1	0	0	0	0	0	0	0	0	0	0	0
19221	HAVANA249753	No	No	-108	-87	0	1	0	0	0	0	0	0	0	0	1	1	0	0	0	0	0	0	0	0	0	0	0
19221	HAVANA249753	No	No	-87	-59	0	0	0	0	1	1	0	0	1	0	1	0	0	0	0	0	0	0	0	0	0	0	0
19221	HAVANA249753	No	No	-59	0	0	0	0	1	0	1	0	0	1	0	1	0	0	0	0	0	0	0	0	0	0	0	0
19221	HAVANA249753	No	No	0	52	0	0	0	1	0	1	0	0	1	0	1	1	0	0	0	1	0	0	0	0	0	0	0
19222	HAVANA253077	No	No	-66	-31	0	1	0	0	0	0	0	0	0	0	1	1	0	0	0	0	0	0	0	0	0	0	0
19222	HAVANA253077	No	No	-31	0	0	0	0	1	0	0	0	0	0	0	1	1	0	0	0	0	0	0	0	0	0	0	0
19222	HAVANA253077	No	No	0	52	0	0	0	0	1	1	0	0	1	0	1	0	0	0	0	0	0	0	0	0	0	0	0
19223	HAVANA266470	No	No	-131	-94	0	0	0	0	1	1	0	0	0	0	0	1	0	0	0	0	0	0	0	0	0	0	0
19223	HAVANA266470	No	No	-94	-35	0	0	0	0	1	1	0	0	0	0	1	1	0	0	0	1	0	0	0	0	0	0	0
19223	HAVANA266470	No	No	-35	0	0	0	0	1	0	0	0	0	0	0	1	1	0	0	0	1	0	0	0	0	0	0	0
19223	HAVANA266470	No	No	0	52	0	0	0	0	0	0	0	1	1	0	0	0	1	0	0	0	0	1	0	0	0	0	0
19224	HAVANA267064	No	No	-274	-126	0	0	0	0	0	0	0	1	0	1	0	0	0	0	0	0	0	0	0	0	0	0	0
19224	HAVANA267064	No	No	-126	0	0	1	0	0	0	0	0	0	0	0	1	1	0	0	0	0	0	0	0	0	0	0	0
19224	HAVANA267064	No	No	0	52	0	0	0	0	1	1	0	0	1	0	1	0	0	0	0	0	0	0	0	0	0	0	0
19225	HAVANA269800	No	No	-172	-163	0	0	0	0	1	0	0	1	1	0	0	0	0	0	0	0	0	0	0	0	0	0	0
19225	HAVANA269800	No	No	-163	-159	0	0	0	0	1	0	0	1	0	0	0	1	0	0	0	0	0	0	0	0	0	0	0
19225	HAVANA269800	No	No	-159	-146	0	0	0	0	0	0	0	1	0	0	0	1	0	0	0	0	0	0	0	0	0	0	0
19225	HAVANA269800	No	No	-146	-68	0	1	0	0	0	0	0	0	0	0	1	1	0	0	0	0	0	0	0	0	0	0	0
19225	HAVANA269800	No	No	-68	-42	0	0	0	1	0	0	0	0	0	0	1	1	0	0	0	0	0	0	0	0	0	0	0
19225	HAVANA269800	No	No	-42	0	0	0	0	0	0	0	0	1	0	0	0	1	0	0	0	1	0	0	0	0	0	0	0
19225	HAVANA269800	No	No	0	52	0	1	0	0	1	0	0	1	1	0	0	0	0	0	0	0	0	0	0	0	0	0	0
19226	HAVANA272545	No	No	-456	-404	0	0	0	0	0	0	0	1	0	0	0	0	0	0	0	0	0	0	0	0	0	0	0
19226	HAVANA272545	No	No	-404	-352	0	0	0	0	0	0	0	1	1	0	0	0	0	0	0	0	0	0	0	0	0	0	0
19226	HAVANA272545	No	No	-352	-182	0	0	0	0	0	0	0	1	0	0	0	0	0	0	0	0	0	0	0	0	0	0	0
19226	HAVANA272545	No	No	-182	-169	0	0	0	0	0	0	0	1	0	0	0	1	0	0	0	0	0	0	0	0	0	0	0
19226	HAVANA272545	No	No	-169	-165	0	1	0	0	0	0	0	1	0	0	0	1	0	0	0	0	0	0	0	0	0	0	0
19226	HAVANA272545	No	No	-165	-152	0	0	0	0	1	0	0	1	0	0	0	1	0	0	0	0	0	0	0	0	0	0	0
19226	HAVANA272545	No	No	-152	-126	0	0	0	0	1	1	0	1	0	0	0	1	0	0	0	0	0	0	0	0	0	0	0
19226	HAVANA272545	No	No	-126	-43	0	0	0	0	1	1	0	0	0	0	1	1	0	0	0	0	0	0	0	0	0	0	0
19226	HAVANA272545	No	No	-43	-30	0	0	0	1	0	1	0	0	1	0	0	1	1	0	0	0	0	1	0	0	0	0	0
19226	HAVANA272545	No	No	-30	0	0	0	0	1	0	0	0	0	1	0	0	1	1	0	0	0	0	1	0	0	0	0	0
19226	HAVANA272545	No	No	0	52	0	0	0	1	0	1	0	0	1	0	0	1	1	0	0	0	0	0	0	0	0	0	0
19227	HAVANA274632	No	No	-189	-162	0	0	0	0	0	0	0	1	1	0	0	0	0	0	0	0	0	0	0	0	0	0	0
19227	HAVANA274632	No	No	-162	0	0	1	0	0	0	0	0	0	0	0	1	1	0	0	0	0	0	0	0	0	0	0	0
19227	HAVANA274632	No	No	0	52	0	1	0	0	0	0	0	0	0	0	1	1	0	0	0	0	0	0	0	0	0	0	0
19228	HAVANA284395	No	No	-121	-53	0	0	0	0	0	0	0	1	0	0	0	1	0	0	0	0	0	0	0	0	0	0	0
19228	HAVANA284395	No	No	-53	0	0	0	0	1	0	0	0	0	0	0	1	1	0	0	0	0	0	0	0	0	0	0	0
19228	HAVANA284395	No	No	0	52	0	0	0	0	0	0	0	1	1	0	0	0	0	0	0	0	0	1	0	0	0	0	0
19229	HAVANA288789	No	No	-119	-117	0	0	0	0	0	1	0	1	0	0	0	1	0	0	0	0	0	0	0	0	0	0	0
19229	HAVANA288789	No	No	-117	0	0	0	0	0	1	0	0	0	1	0	1	0	0	0	0	0	0	0	0	0	0	0	0
19229	HAVANA288789	No	No	0	52	0	0	0	0	0	0	0	0	1	0	1	1	0	0	0	1	0	0	0	0	0	0	0
19230	HAVANA289461	No	No	-119	-108	0	0	0	0	0	1	0	0	0	0	1	1	0	0	0	0	0	0	0	0	0	0	0
19230	HAVANA289461	No	No	-108	-65	0	1	0	0	0	0	0	0	0	0	1	1	0	0	0	0	0	0	0	0	0	0	0
19230	HAVANA289461	No	No	-65	0	0	0	0	1	0	0	0	0	0	0	1	1	0	0	0	0	0	0	0	0	0	0	0
19230	HAVANA289461	No	No	0	52	0	0	0	0	0	0	0	0	1	0	0	0	1	0	0	0	0	1	0	0	0	0	0
19231	HAVANA297033	No	No	-60	0	0	1	0	0	0	0	0	0	0	0	1	1	0	0	0	0	0	0	0	0	0	0	0
19231	HAVANA297033	No	No	0	52	0	0	0	0	1	1	0	1	1	0	0	0	0	0	0	0	0	1	0	0	0	0	0
19232	HAVANA304134	No	No	-110	0	0	1	0	0	0	0	0	0	0	0	1	1	0	0	0	0	0	0	0	0	0	0	0
19232	HAVANA304134	No	No	0	52	0	0	0	0	1	1	0	0	1	0	0	0	0	0	0	1	0	0	0	0	0	0	0
19233	HAVANA310917	No	No	-104	-70	0	1	0	0	0	0	0	0	0	0	1	1	0	0	0	0	0	0	0	0	0	0	0
19233	HAVANA310917	No	No	-70	0	0	1	0	0	0	0	0	1	0	0	0	1	0	0	0	1	0	0	0	0	0	0	0
19233	HAVANA310917	No	No	0	52	0	1	0	0	1	0	0	1	1	0	0	0	0	0	0	0	0	0	0	0	0	0	0
19234	HAVANA318726	No	No	-78	0	0	1	0	0	0	0	0	1	0	0	0	1	0	0	0	0	0	0	0	0	0	0	0
19234	HAVANA318726	No	No	0	52	0	0	0	0	0	0	0	0	1	0	1	0	0	0	0	1	0	0	0	0	0	0	0
19235	HAVANA346735	No	No	-175	-167	0	0	0	0	0	1	0	0	1	0	1	0	0	0	0	0	0	0	0	0	0	0	0
19235	HAVANA346735	No	No	-167	0	0	1	0	0	0	0	0	1	0	0	0	1	0	0	0	0	0	0	0	0	0	0	0
19235	HAVANA346735	No	No	0	52	0	0	0	0	1	1	0	1	0	0	0	0	1	0	0	0	0	0	0	0	0	0	0
19236	HAVANA347965	No	No	-334	-282	0	0	0	0	0	0	0	1	0	0	0	0	0	0	0	0	0	0	0	0	0	0	0
19236	HAVANA347965	No	No	-282	-178	0	0	0	0	0	0	0	1	1	0	0	0	0	0	0	0	0	0	0	0	0	0	0
19236	HAVANA347965	No	No	-178	-34	0	0	0	0	0	1	0	0	0	0	1	1	0	0	0	0	0	0	0	0	0	0	0
19236	HAVANA347965	No	No	-34	-21	0	1	0	0	0	0	0	0	0	0	1	1	0	0	0	0	0	0	0	0	0	0	0
19236	HAVANA347965	No	No	-21	0	0	0	0	0	0	0	0	0	0	0	0	1	1	0	0	0	0	1	0	0	0	0	0
19236	HAVANA347965	No	No	0	52	0	0	0	0	0	0	0	0	1	0	1	0	0	0	0	0	0	1	0	0	0	0	0
19237	HAVANA349374	No	No	-246	-216	0	0	0	0	0	0	0	1	0	0	0	0	0	0	0	0	0	0	0	0	0	0	0
19237	HAVANA349374	No	No	-216	-172	0	0	0	0	0	0	0	1	0	1	0	0	0	0	0	0	0	0	0	0	0	0	0
19237	HAVANA349374	No	No	-172	-142	0	0	0	0	0	0	0	1	0	0	0	1	0	0	0	0	0	0	0	0	0	0	0
19237	HAVANA349374	No	No	-142	-128	0	1	0	0	0	0	0	1	0	0	0	1	0	0	0	0	0	0	0	0	0	0	0
19237	HAVANA349374	No	No	-128	-85	0	1	0	0	0	0	0	0	0	0	1	1	0	0	0	0	0	0	0	0	0	0	0
19237	HAVANA349374	No	No	-85	-18	0	0	0	1	0	0	0	0	0	0	1	1	0	0	0	0	0	0	0	0	0	0	0
19237	HAVANA349374	No	No	-18	0	0	0	0	0	0	0	0	0	0	0	1	1	0	0	0	0	0	1	0	0	0	0	0
19237	HAVANA349374	No	No	0	52	0	0	0	0	0	0	0	0	1	0	1	1	0	0	0	0	0	0	0	0	0	0	0
19238	HAVANA353005	No	No	-75	0	0	1	0	0	0	0	0	0	0	0	1	1	0	0	0	0	0	0	0	0	0	0	0
19238	HAVANA353005	No	No	0	52	0	1	0	0	0	0	0	0	0	0	1	1	0	0	0	0	0	0	0	0	0	0	0
19239	HAVANA368428	No	No	-302	-250	0	0	0	0	0	0	0	1	0	0	0	0	0	0	0	0	0	0	0	0	0	0	0
19239	HAVANA368428	No	No	-250	-228	0	0	0	0	0	0	0	0	1	0	0	0	0	0	0	0	0	0	0	0	0	0	0
19239	HAVANA368428	No	No	-228	-198	0	0	0	0	0	0	0	0	0	0	1	1	0	0	0	0	0	0	0	0	0	0	0
19239	HAVANA368428	No	No	-198	-124	0	1	0	0	0	0	0	0	0	0	1	1	0	0	0	0	0	0	0	0	0	0	0
19239	HAVANA368428	No	No	-124	-93	0	0	0	0	0	1	0	0	0	0	1	1	0	0	0	0	0	0	0	0	0	0	0
19239	HAVANA368428	No	No	-93	-45	0	0	0	0	1	1	0	0	0	0	1	1	0	0	0	0	0	0	0	0	0	0	0
19239	HAVANA368428	No	No	-45	0	0	1	0	0	0	0	0	0	0	0	1	1	0	0	0	0	0	0	0	0	0	0	0
19239	HAVANA368428	No	No	0	52	0	1	0	0	1	0	0	0	1	0	0	0	0	0	0	0	0	1	0	0	0	0	0
19240	HAVANA368685	No	No	-126	-61	0	0	0	0	0	1	0	1	0	0	0	1	0	0	0	0	0	0	0	0	0	0	0
19240	HAVANA368685	No	No	-61	0	0	0	0	1	0	0	0	0	0	0	1	1	0	0	0	0	0	0	0	0	0	0	0
19240	HAVANA368685	No	No	0	52	0	0	0	0	0	0	0	0	1	0	1	0	0	0	0	1	0	0	0	0	0	0	0
19241	HAVANA880205	No	No	-127	-88	0	1	0	0	0	0	0	0	0	0	1	1	0	0	0	0	0	0	0	0	0	0	0
19241	HAVANA880205	No	No	-88	0	0	1	0	0	0	0	0	1	0	0	0	1	0	0	0	0	0	0	0	0	0	0	0
19241	HAVANA880205	No	No	0	52	0	0	0	0	0	0	0	1	1	0	0	0	0	0	0	0	0	1	0	0	0	0	0
19242	HAVANA880219	No	No	-409	-200	0	0	0	0	0	0	0	1	0	0	0	0	0	0	0	0	0	0	0	0	0	0	0
19242	HAVANA880219	No	No	-200	-174	0	0	0	0	0	0	0	1	0	1	0	0	0	0	0	0	0	0	0	0	0	0	0
19242	HAVANA880219	No	No	-174	-148	0	0	0	0	0	0	0	1	1	0	0	0	0	0	0	0	0	0	0	0	0	0	0
19242	HAVANA880219	No	No	-148	-122	0	0	0	0	0	0	0	0	1	0	1	0	0	0	0	0	0	0	0	0	0	0	0
19242	HAVANA880219	No	No	-122	-104	0	1	0	0	0	0	0	0	0	0	1	1	0	0	0	0	0	0	0	0	0	0	0
19242	HAVANA880219	No	No	-104	-70	0	0	0	0	0	1	0	0	0	0	1	1	0	0	0	0	0	0	0	0	0	0	0
19242	HAVANA880219	No	No	-70	0	0	0	0	1	0	0	0	0	1	0	1	0	0	0	0	0	0	0	0	0	0	0	0
19242	HAVANA880219	No	No	0	52	0	0	0	0	1	1	0	0	0	0	0	0	0	0	0	1	0	0	0	0	0	0	0
19243	HAVANA880224	No	No	-268	-250	0	0	0	0	0	0	0	1	0	0	0	0	0	0	0	0	0	0	0	0	0	0	0
19243	HAVANA880224	No	No	-250	-129	0	0	0	0	0	0	0	1	0	1	0	0	0	0	0	0	0	0	0	0	0	0	0
19243	HAVANA880224	No	No	-129	-11	0	1	0	0	0	0	0	1	0	0	0	1	0	0	0	0	0	0	0	0	0	0	0
19243	HAVANA880224	No	No	-11	0	0	1	0	0	0	0	0	0	0	0	1	0	0	0	0	1	0	0	0	0	0	0	0
19243	HAVANA880224	No	No	0	52	0	1	0	0	0	0	0	0	0	0	0	1	0	0	0	1	0	0	0	0	0	0	0
19244	HAVANA880226	No	No	-125	-73	0	1	0	0	0	0	0	0	0	0	1	1	0	0	0	0	0	0	0	0	0	0	0
19244	HAVANA880226	No	No	-73	-38	0	1	0	0	0	0	0	0	1	0	1	0	0	0	0	0	0	0	0	0	0	0	0
19244	HAVANA880226	No	No	-38	0	0	0	0	0	0	1	0	0	1	0	1	0	0	0	0	0	0	0	0	0	0	0	0
19244	HAVANA880226	No	No	0	52	0	1	0	0	1	0	0	1	0	0	0	1	0	0	0	0	0	0	0	0	0	0	0
19245	HAVANA880228	No	No	-231	-178	0	0	0	0	0	1	0	1	0	1	0	0	0	0	0	0	0	0	0	0	0	0	0
19245	HAVANA880228	Yes	Yes	-178	-35	0	0	0	0	0	0	0	0	0	0	0	0	0	0	0	0	0	0	1	0	0	0	0
19245	HAVANA880228	No	No	-35	0	0	1	0	0	0	0	0	0	0	0	1	1	0	0	0	0	0	0	0	0	0	0	0
19245	HAVANA880228	No	No	0	52	0	0	0	1	0	0	0	1	1	0	0	0	0	0	0	0	0	0	0	0	0	0	0
19246	HAVANA880234	No	No	-82	0	0	1	0	0	0	0	0	1	1	0	0	0	0	0	0	0	0	0	0	0	0	0	0
19246	HAVANA880234	No	No	0	52	0	0	0	0	0	0	0	0	1	0	1	0	0	0	0	0	0	1	0	0	0	0	0
19247	HAVANA880240	No	No	-123	-119	0	0	0	0	0	0	0	1	0	0	0	1	0	0	0	0	0	0	0	0	0	0	0
19247	HAVANA880240	No	No	-119	-67	0	1	0	0	0	0	0	0	0	0	1	1	0	0	0	0	0	0	0	0	0	0	0
19247	HAVANA880240	No	No	-67	-40	0	0	0	0	0	0	0	0	1	0	1	0	0	0	0	1	0	0	0	0	0	0	0
19247	HAVANA880240	No	No	-40	0	0	0	0	0	0	0	0	0	1	0	1	0	0	0	0	0	0	1	0	0	0	0	0
19247	HAVANA880240	No	No	0	52	0	1	0	0	1	0	0	0	1	0	0	0	1	0	0	0	0	0	0	0	0	0	0
19248	HAVANA880307	No	No	-54	0	0	0	0	1	0	0	0	0	0	0	1	1	0	0	0	0	0	0	0	0	0	0	0
19248	HAVANA880307	No	No	0	52	0	0	0	0	0	0	0	1	1	0	0	0	0	0	0	0	0	1	0	0	0	0	0
19249	HAVANA880308	No	No	-130	-86	0	0	0	0	0	1	0	1	1	0	0	1	0	0	0	0	0	0	0	0	0	0	0
19249	HAVANA880308	Yes	Yes	-86	-82	0	0	0	0	0	0	0	0	0	0	0	0	0	0	0	0	0	0	1	0	0	0	0
19249	HAVANA880308	No	No	-82	0	0	0	0	0	1	0	0	0	0	0	1	1	0	0	0	0	0	0	0	0	0	0	0
19249	HAVANA880308	No	No	0	52	0	0	0	1	0	0	0	0	1	0	0	0	1	0	0	0	0	1	0	0	0	0	0
19250	HAVANA880309	No	No	-274	-108	0	0	0	0	0	0	0	1	0	0	0	0	0	0	0	0	0	0	0	0	0	0	0
19250	HAVANA880309	No	No	-108	-86	0	0	0	0	0	1	0	0	0	0	0	1	0	0	0	0	0	0	0	0	0	0	0
19250	HAVANA880309	Yes	Yes	-86	-82	0	0	0	0	0	0	0	0	0	0	0	0	0	0	0	0	0	0	1	0	0	0	0
19250	HAVANA880309	No	No	-82	0	0	0	0	0	1	0	0	0	1	0	1	0	0	0	0	0	0	0	0	0	0	0	0
19250	HAVANA880309	No	No	0	52	0	0	0	1	0	0	0	0	1	0	0	0	1	0	0	0	0	1	0	0	0	0	0
19251	HAVANA880310	No	No	-144	-62	0	0	0	0	0	0	0	1	0	1	0	0	0	0	0	0	0	0	0	0	0	0	0
19251	HAVANA880310	Yes	Yes	-62	-53	0	0	0	0	0	0	0	0	0	0	0	0	0	0	0	0	0	0	1	0	0	0	0
19251	HAVANA880310	No	No	-53	0	0	0	0	0	0	0	0	0	0	0	1	1	0	0	0	1	0	0	0	0	0	0	0
19251	HAVANA880310	No	No	0	52	0	0	0	1	1	1	0	0	1	0	0	0	0	0	0	0	0	0	0	0	0	0	0
19252	HAVANA880402	No	No	-367	-194	0	0	0	0	0	0	0	1	1	0	0	0	0	0	0	0	0	0	0	0	0	0	0
19252	HAVANA880402	No	No	-194	-47	0	1	0	0	0	0	0	1	0	1	0	0	0	0	0	0	0	0	0	0	0	0	0
19252	HAVANA880402	No	No	-47	0	0	0	0	1	0	1	0	0	0	0	1	0	0	0	0	0	0	1	0	0	0	0	0
19252	HAVANA880402	No	No	0	52	0	0	0	0	0	0	0	0	1	0	1	0	0	0	0	1	0	0	0	0	0	0	0
19253	HAVANA880407	No	No	-236	-115	0	0	0	0	0	0	0	1	0	0	0	0	0	0	0	0	0	0	0	0	0	0	0
19253	HAVANA880407	No	No	-115	-52	0	0	0	0	0	0	0	1	0	0	0	1	0	0	0	0	0	0	0	0	0	0	0
19253	HAVANA880407	No	No	-52	0	0	1	0	0	0	0	0	0	0	0	1	1	0	0	0	0	0	0	0	0	0	0	0
19253	HAVANA880407	No	No	0	52	0	0	0	1	0	0	0	0	0	0	1	0	0	0	0	1	0	0	0	0	0	0	0
19254	HAVANA880408	No	No	-139	-11	0	0	0	0	0	0	0	1	0	0	0	1	0	0	0	0	0	0	0	0	0	0	0
19254	HAVANA880408	No	No	-11	0	0	0	0	1	0	1	0	0	1	0	0	0	0	0	0	0	0	1	0	0	0	0	0
19254	HAVANA880408	No	No	0	52	0	0	0	0	0	0	0	0	1	0	1	0	0	0	0	0	0	0	0	0	0	0	0
19255	HAVANA880409	No	No	-380	-253	0	0	0	0	0	0	0	1	0	0	0	0	0	0	0	0	0	0	0	0	0	0	0
19255	HAVANA880409	No	No	-253	-175	0	0	0	0	0	0	0	0	0	0	0	0	0	0	0	0	0	0	0	0	0	0	0
19255	HAVANA880409	No	No	-175	-140	0	0	0	0	0	0	0	1	0	1	0	0	0	0	0	0	0	0	0	0	0	0	0
19255	HAVANA880409	No	No	-140	0	0	1	0	0	0	0	0	0	0	0	1	1	0	0	0	0	0	0	0	0	0	0	0
19255	HAVANA880409	No	No	0	52	0	0	0	1	0	0	0	0	0	0	1	1	0	0	0	0	0	0	0	0	0	0	0
19256	HAVANA880410	No	No	-132	-119	0	0	0	0	0	0	0	0	0	0	1	1	0	0	0	0	0	0	0	0	0	0	0
19256	HAVANA880410	No	No	-119	-88	0	1	0	0	0	0	0	0	0	0	1	1	0	0	0	0	0	0	0	0	0	0	0
19256	HAVANA880410	No	No	-88	-16	0	0	0	0	1	1	0	0	0	0	1	1	0	0	0	0	0	0	0	0	0	0	0
19256	HAVANA880410	No	No	-16	0	0	0	0	1	0	0	0	0	0	0	1	0	0	0	0	1	0	0	0	0	0	0	0
19256	HAVANA880410	No	No	0	52	0	0	0	0	0	0	0	0	1	0	1	0	0	0	0	0	0	1	0	0	0	0	0
19257	HAVANA880411	No	No	-203	-169	0	0	0	0	0	0	0	1	0	1	0	0	0	0	0	0	0	0	0	0	0	0	0
19257	HAVANA880411	No	No	-169	-95	0	0	0	0	0	0	0	1	1	0	0	0	0	0	0	0	0	0	0	0	0	0	0
19257	HAVANA880411	No	No	-95	-64	0	1	0	0	0	0	0	0	0	0	1	1	0	0	0	0	0	0	0	0	0	0	0
19257	HAVANA880411	No	No	-64	-34	0	0	0	1	0	1	0	0	0	0	1	1	0	0	0	0	0	0	0	0	0	0	0
19257	HAVANA880411	No	No	-34	0	0	0	0	0	0	1	0	0	0	0	1	1	0	0	0	1	0	0	0	0	0	0	0
19257	HAVANA880411	No	No	0	52	0	1	0	0	1	0	0	0	1	0	0	0	0	0	0	0	0	0	0	0	0	0	0
19258	HAVANA880414	No	No	-180	-145	0	0	0	0	0	0	0	1	0	0	0	0	0	0	0	0	0	0	0	0	0	0	0
19258	HAVANA880414	No	No	-145	-126	0	0	0	0	0	0	0	1	0	0	0	1	0	0	0	0	0	0	0	0	0	0	0
19258	HAVANA880414	No	No	-126	-75	0	1	0	0	0	0	0	0	0	0	1	1	0	0	0	0	0	0	0	0	0	0	0
19258	HAVANA880414	No	No	-75	-54	0	0	0	0	1	1	0	0	1	0	1	0	0	0	0	0	0	0	0	0	0	0	0
19258	HAVANA880414	No	No	-54	0	0	0	0	1	0	0	0	0	1	0	1	0	0	0	0	1	0	0	0	0	0	0	0
19258	HAVANA880414	No	No	0	52	0	0	0	1	0	0	0	1	1	0	0	0	0	0	0	0	0	0	0	0	0	0	0
19259	HAVANA880415	No	No	-464	-203	0	0	0	0	0	0	0	1	0	0	0	0	0	0	0	0	0	0	0	0	0	0	0
19259	HAVANA880415	No	No	-203	-121	0	0	0	0	0	0	0	1	1	0	0	0	0	0	0	0	0	0	0	0	0	0	0
19259	HAVANA880415	No	No	-121	-73	0	0	0	0	0	1	0	0	0	0	1	1	0	0	0	0	0	0	0	0	0	0	0
19259	HAVANA880415	No	No	-73	0	0	0	0	1	0	0	0	1	0	0	0	1	0	0	0	0	0	0	0	0	0	0	0
19259	HAVANA880415	No	No	0	52	0	1	0	0	1	0	0	0	1	0	0	0	0	0	0	0	0	0	0	0	0	0	0
19260	HAVANA880416	No	No	-215	-166	0	0	0	0	0	0	0	1	0	1	0	0	0	0	0	0	0	0	0	0	0	0	0
19260	HAVANA880416	No	No	-166	-130	0	0	0	0	0	0	0	1	0	0	0	1	0	0	0	0	0	0	0	0	0	0	0
19260	HAVANA880416	No	No	-130	-111	0	0	0	0	0	1	0	0	0	0	1	1	0	0	0	0	0	0	0	0	0	0	0
19260	HAVANA880416	No	No	-111	-93	0	1	0	0	0	0	0	0	0	0	1	1	0	0	0	0	0	0	0	0	0	0	0
19260	HAVANA880416	No	No	-93	-79	0	0	0	1	0	0	0	0	0	0	1	1	0	0	0	0	0	0	0	0	0	0	0
19260	HAVANA880416	No	No	-79	0	0	0	0	1	0	1	0	0	0	0	1	1	0	0	0	0	0	0	0	0	0	0	0
19260	HAVANA880416	No	No	0	52	0	0	0	0	0	0	0	0	1	0	0	0	0	0	0	1	0	1	0	0	0	0	0
19261	HAVANA880417	No	No	-314	-206	0	0	0	0	0	0	0	1	0	0	0	0	0	0	0	0	0	0	0	0	0	0	0
19261	HAVANA880417	No	No	-206	-155	0	0	0	0	0	0	0	1	1	0	0	0	0	0	0	0	0	0	0	0	0	0	0
19261	HAVANA880417	No	No	-155	-96	0	1	0	0	0	0	0	1	1	0	0	0	0	0	0	0	0	0	0	0	0	0	0
19261	HAVANA880417	No	No	-96	-67	0	1	0	0	0	0	0	0	0	0	1	1	0	0	0	0	0	0	0	0	0	0	0
19261	HAVANA880417	No	No	-67	-39	0	0	0	1	0	0	0	0	0	0	1	1	0	0	0	0	0	0	0	0	0	0	0
19261	HAVANA880417	No	No	-39	0	0	0	0	1	0	0	0	0	0	0	1	0	0	0	0	1	0	0	0	0	0	0	0
19261	HAVANA880417	No	No	0	52	0	0	0	0	0	0	0	0	1	0	0	1	0	0	0	0	0	1	0	0	0	0	0
19262	HAVANA880418	No	No	-346	-294	0	0	0	0	0	0	0	1	0	0	0	0	0	0	0	0	0	0	0	0	0	0	0
19262	HAVANA880418	No	No	-294	-203	0	0	0	0	0	0	0	1	0	1	0	0	0	0	0	0	0	0	0	0	0	0	0
19262	HAVANA880418	No	No	-203	-143	0	0	0	0	0	0	0	1	0	0	0	1	0	0	0	0	0	0	0	0	0	0	0
19262	HAVANA880418	No	No	-143	-114	0	0	0	0	1	0	0	1	0	0	0	1	0	0	0	0	0	0	0	0	0	0	0
19262	HAVANA880418	No	No	-114	-79	0	1	0	0	0	0	0	0	0	0	1	1	0	0	0	0	0	0	0	0	0	0	0
19262	HAVANA880418	No	No	-79	0	0	0	0	1	0	1	0	0	0	0	1	1	0	0	0	0	0	0	0	0	0	0	0
19262	HAVANA880418	No	No	0	52	0	1	0	0	1	0	0	0	1	0	0	0	0	0	0	0	0	1	0	0	0	0	0
19263	HAVANA880419	No	No	-221	-212	0	0	0	0	0	0	0	1	0	0	0	0	0	0	0	0	0	0	0	0	0	0	0
19263	HAVANA880419	No	No	-212	-177	0	0	0	0	0	0	0	1	0	1	0	0	0	0	0	0	0	0	0	0	0	0	0
19263	HAVANA880419	No	No	-177	-173	0	0	0	0	0	0	0	1	1	0	0	0	0	0	0	0	0	0	0	0	0	0	0
19263	HAVANA880419	No	No	-173	-160	0	0	0	0	1	0	0	0	1	0	1	0	0	0	0	0	0	0	0	0	0	0	0
19263	HAVANA880419	No	No	-160	-147	0	0	0	0	0	0	0	1	0	0	0	1	0	0	0	0	0	0	0	0	0	0	0
19263	HAVANA880419	No	No	-147	-16	0	0	0	0	0	1	0	0	0	0	1	1	0	0	0	0	0	0	0	0	0	0	0
19263	HAVANA880419	No	No	-16	0	0	0	0	1	0	0	0	1	0	0	0	1	0	0	0	1	0	0	0	0	0	0	0
19263	HAVANA880419	No	No	0	52	0	1	0	0	1	0	0	0	1	0	0	0	0	0	0	0	0	0	0	0	0	0	0
19264	HAVANA880421	No	No	-108	0	0	1	0	0	0	0	0	1	0	0	0	1	0	0	0	0	0	0	0	0	0	0	0
19264	HAVANA880421	No	No	0	52	0	0	0	1	0	0	0	0	1	0	1	0	0	0	0	0	0	0	0	0	0	0	0
19265	HAVANA880422	No	No	-83	0	0	1	0	0	0	0	0	1	0	0	0	1	0	0	0	0	0	0	0	0	0	0	0
19265	HAVANA880422	No	No	0	52	0	0	0	0	0	0	0	0	1	0	1	0	0	0	0	1	0	0	0	0	0	0	0
19266	HAVANA880423	No	No	-509	-348	0	0	0	0	0	0	0	1	0	0	0	0	0	0	0	0	0	0	0	0	0	0	0
19266	HAVANA880423	No	No	-348	-291	0	0	0	0	0	0	0	1	1	0	0	0	0	0	0	0	0	0	0	0	0	0	0
19266	HAVANA880423	No	No	-291	-215	0	0	0	0	0	0	0	1	0	1	0	0	0	0	0	0	0	0	0	0	0	0	0
19266	HAVANA880423	No	No	-215	-120	0	0	0	0	0	0	0	1	0	0	0	1	0	0	0	0	0	0	0	0	0	0	0
19266	HAVANA880423	No	No	-120	-80	0	1	0	0	0	0	0	0	0	0	1	1	0	0	0	0	0	0	0	0	0	0	0
19266	HAVANA880423	No	No	-80	-43	0	0	0	1	0	0	0	0	0	0	1	0	0	0	0	1	0	0	0	0	0	0	0
19266	HAVANA880423	No	No	-43	0	0	0	0	1	0	1	0	0	0	0	1	0	0	0	0	1	0	0	0	0	0	0	0
19266	HAVANA880423	No	No	0	52	0	0	0	1	0	0	0	0	1	0	0	0	1	0	0	1	0	0	0	0	0	0	0
19267	HAVANA880429	No	No	-197	-177	0	0	0	0	0	1	0	1	0	0	0	1	0	0	0	0	0	0	0	0	0	0	0
19267	HAVANA880429	No	No	-177	0	0	0	0	0	1	1	0	0	0	0	1	1	0	0	0	0	0	0	0	0	0	0	0
19267	HAVANA880429	No	No	0	52	0	1	0	0	1	0	0	0	1	0	0	0	0	0	0	0	0	1	0	0	0	0	0
19268	HAVANA880431	No	No	-325	-205	0	0	0	0	0	0	0	1	0	0	0	0	0	0	0	0	0	0	0	0	0	0	0
19268	HAVANA880431	No	No	-205	-123	0	0	0	0	0	0	0	1	1	0	0	0	0	0	0	0	0	0	0	0	0	0	0
19268	HAVANA880431	No	No	-123	-107	0	0	0	0	0	0	0	0	0	0	1	1	0	0	0	0	0	0	0	0	0	0	0
19268	HAVANA880431	No	No	-107	-30	0	0	0	0	0	1	0	0	0	0	1	1	0	0	0	0	0	0	0	0	0	0	0
19268	HAVANA880431	No	No	-30	0	0	0	0	0	0	0	0	0	1	0	1	0	0	0	0	1	0	0	0	0	0	0	0
19268	HAVANA880431	No	No	0	52	0	0	0	1	0	0	0	0	1	0	1	0	0	0	0	0	0	0	0	0	0	0	0
19269	HAVANA880432	No	No	-176	0	0	0	0	0	0	0	0	1	1	0	0	0	0	0	0	0	0	0	0	0	0	0	0
19269	HAVANA880432	No	No	0	52	0	1	0	0	0	0	0	0	1	0	1	0	0	0	0	0	0	0	0	0	0	0	0
19270	HAVANA880433	No	No	-138	-114	0	0	0	0	0	0	0	1	0	0	0	1	0	0	0	0	0	0	0	0	0	0	0
19270	HAVANA880433	No	No	-114	0	0	1	0	0	0	0	0	0	0	0	1	1	0	0	0	0	0	0	0	0	0	0	0
19270	HAVANA880433	No	No	0	52	0	0	0	0	1	1	0	1	1	0	0	0	0	0	0	0	0	0	0	0	0	0	0
19271	HAVANA880502	No	No	-154	-84	0	0	0	0	0	0	0	1	0	0	0	1	0	0	0	0	0	0	0	0	0	0	0
19271	HAVANA880502	No	No	-84	-51	0	1	0	0	0	0	0	0	0	0	1	1	0	0	0	0	0	0	0	0	0	0	0
19271	HAVANA880502	No	No	-51	0	0	0	0	1	0	0	0	0	0	0	1	1	0	0	0	1	0	0	0	0	0	0	0
19271	HAVANA880502	No	No	0	52	0	0	0	1	0	0	0	0	0	0	1	1	0	0	0	1	0	0	0	0	0	0	0
19272	HAVANA880503	No	No	-336	-154	0	0	0	0	0	0	0	1	0	0	0	0	0	0	0	0	0	0	0	0	0	0	0
19272	HAVANA880503	No	No	-154	-123	0	0	0	0	0	0	0	1	1	0	0	0	0	0	0	0	0	0	0	0	0	0	0
19272	HAVANA880503	No	No	-123	-40	0	1	0	0	0	0	0	0	0	0	1	1	0	0	0	0	0	0	0	0	0	0	0
19272	HAVANA880503	No	No	-40	0	0	0	0	1	0	0	0	0	1	0	1	0	0	0	0	1	0	0	0	0	0	0	0
19272	HAVANA880503	No	No	0	52	0	0	0	0	1	1	0	0	1	0	0	1	0	0	0	0	0	0	0	0	0	0	0
19273	HAVANA880504	No	No	-216	-173	0	0	0	0	0	0	0	1	0	0	0	0	0	0	0	0	0	0	0	0	0	0	0
19273	HAVANA880504	No	No	-173	-116	0	0	0	0	0	0	0	0	1	0	0	0	0	0	0	0	0	0	0	0	0	0	0
19273	HAVANA880504	No	No	-116	0	0	0	0	0	0	0	0	0	0	0	1	1	0	0	0	0	0	0	0	0	0	0	0
19273	HAVANA880504	No	No	0	52	0	0	0	1	0	0	0	0	1	0	1	0	0	0	0	0	0	0	0	0	0	0	0
19274	HAVANA880505	No	No	-403	-321	0	0	0	0	0	0	0	1	0	0	0	0	0	0	0	0	0	0	0	0	0	0	0
19274	HAVANA880505	No	No	-321	-312	0	0	0	0	0	0	0	0	1	0	0	0	0	0	0	0	0	0	0	0	0	0	0
19274	HAVANA880505	Yes	Yes	-312	-293	0	0	0	0	0	0	0	0	0	0	0	0	0	0	0	0	0	0	1	0	0	0	0
19274	HAVANA880505	No	No	-293	-108	0	0	0	0	0	0	0	1	0	1	0	0	0	0	0	0	0	0	0	0	0	0	0
19274	HAVANA880505	No	No	-108	0	0	0	0	0	0	0	0	0	0	0	1	1	0	0	0	0	0	0	0	0	0	0	0
19274	HAVANA880505	No	No	0	52	0	0	0	0	0	0	0	0	1	0	1	0	0	0	0	1	0	0	0	0	0	0	0
19275	HAVANA880506	No	No	-260	-82	0	0	0	0	0	0	0	1	0	0	0	0	0	0	0	0	0	0	0	0	0	0	0
19275	HAVANA880506	No	No	-82	0	0	0	0	0	0	0	0	1	0	1	0	0	0	0	0	0	0	0	0	0	0	0	0
19275	HAVANA880506	No	No	0	52	0	0	0	1	0	0	0	0	0	0	1	1	0	0	0	1	0	0	0	0	0	0	0
19276	HAVANA880507	No	No	-382	-301	0	0	0	0	0	0	0	1	0	0	0	0	0	0	0	0	0	0	0	0	0	0	0
19276	HAVANA880507	No	No	-301	-278	0	0	0	0	0	0	0	0	1	0	0	0	0	0	0	0	0	0	0	0	0	0	0
19276	HAVANA880507	No	No	-278	-105	0	0	0	0	0	0	0	1	0	1	0	0	0	0	0	0	0	0	0	0	0	0	0
19276	HAVANA880507	No	No	-105	-64	0	0	0	0	0	0	0	0	0	0	1	1	0	0	0	0	0	0	0	0	0	0	0
19276	HAVANA880507	No	No	-64	-18	0	1	0	0	0	0	0	0	0	0	1	1	0	0	0	0	0	0	0	0	0	0	0
19276	HAVANA880507	No	No	-18	0	0	0	0	1	0	0	0	0	0	0	1	1	0	0	0	0	0	0	0	0	0	0	0
19276	HAVANA880507	No	No	0	52	0	0	0	0	1	1	0	0	0	0	1	1	0	0	0	0	0	0	0	0	0	0	0
19277	HAVANA880508	No	No	-270	-213	0	0	0	0	0	0	0	1	0	0	0	0	0	0	0	0	0	0	0	0	0	0	0
19277	HAVANA880508	No	No	-213	-169	0	0	0	0	0	0	0	1	0	1	0	0	0	0	0	0	0	0	0	0	0	0	0
19277	HAVANA880508	No	No	-169	-134	0	1	0	0	0	0	0	1	1	0	0	0	0	0	0	0	0	0	0	0	0	0	0
19277	HAVANA880508	No	No	-134	-83	0	1	0	0	0	0	0	0	0	0	1	1	0	0	0	0	0	0	0	0	0	0	0
19277	HAVANA880508	No	No	-83	-56	0	0	0	1	0	0	0	0	0	0	1	0	0	0	0	1	0	0	0	0	0	0	0
19277	HAVANA880508	No	No	-56	0	0	0	0	1	0	0	0	0	0	0	1	1	0	0	0	1	0	0	0	0	0	0	0
19277	HAVANA880508	No	No	0	52	0	1	0	0	1	0	0	0	1	0	1	0	1	0	0	0	0	0	0	0	0	0	0
19278	HAVANA880509	No	No	-424	-346	0	0	0	0	0	0	0	1	0	0	0	0	0	0	0	0	0	0	0	0	0	0	0
19278	HAVANA880509	No	No	-346	-315	0	0	0	0	0	0	0	0	1	0	0	0	0	0	0	0	0	0	0	0	0	0	0
19278	HAVANA880509	No	No	-315	-289	0	0	0	0	0	0	0	1	1	0	0	0	0	0	0	0	0	0	0	0	0	0	0
19278	HAVANA880509	No	No	-289	-206	0	0	0	0	0	0	0	1	0	1	0	0	0	0	0	0	0	0	0	0	0	0	0
19278	HAVANA880509	No	No	-206	-167	0	0	0	0	0	1	0	1	0	1	0	0	0	0	0	0	0	0	0	0	0	0	0
19278	HAVANA880509	No	No	-167	-158	0	0	0	0	0	1	0	0	0	1	1	0	0	0	0	0	0	0	0	0	0	0	0
19278	HAVANA880509	No	No	-158	-76	0	1	0	0	0	0	0	0	0	0	1	1	0	0	0	0	0	0	0	0	0	0	0
19278	HAVANA880509	No	No	-76	-67	0	0	0	1	0	0	0	0	0	0	1	0	0	0	0	1	0	0	0	0	0	0	0
19278	HAVANA880509	No	No	-67	0	0	1	0	1	0	0	0	0	0	0	1	0	0	0	0	0	0	0	0	0	0	0	0
19278	HAVANA880509	No	No	0	52	0	0	0	0	1	1	0	0	1	0	1	0	1	0	0	0	0	0	0	0	0	0	0
19279	HAVANA880702	No	No	-340	-127	0	0	0	0	0	0	0	1	0	0	0	0	0	0	0	0	0	0	0	0	0	0	0
19279	HAVANA880702	No	No	-127	-84	0	0	0	0	0	1	0	0	0	0	1	1	0	0	0	0	0	0	0	0	0	0	0
19279	HAVANA880702	No	No	-84	-79	0	0	0	0	1	1	0	0	0	0	1	1	0	0	0	0	0	0	0	0	0	0	0
19279	HAVANA880702	No	No	-79	0	0	0	0	0	0	1	0	0	0	0	1	1	0	0	0	0	0	0	0	0	0	0	0
19279	HAVANA880702	No	No	0	52	0	0	0	0	0	0	0	0	1	0	1	0	0	0	0	0	0	1	0	0	0	0	0
19280	HAVANA880703	No	No	-284	-140	0	0	0	0	0	0	0	1	0	1	0	0	0	0	0	0	0	0	0	0	0	0	0
19280	HAVANA880703	No	No	-140	-119	0	0	0	0	0	0	0	1	0	0	0	1	0	0	0	0	0	0	0	0	0	0	0
19280	HAVANA880703	No	No	-119	-114	0	1	0	0	0	0	0	1	0	0	0	1	0	0	0	0	0	0	0	0	0	0	0
19280	HAVANA880703	No	No	-114	0	0	1	0	0	0	0	0	0	1	0	1	0	0	0	0	1	0	0	0	0	0	0	0
19280	HAVANA880703	No	No	0	52	0	1	0	0	1	0	0	1	1	0	0	0	0	0	0	0	0	0	0	0	0	0	0
19281	HAVANA880704	No	No	-114	0	0	1	0	0	0	0	0	0	0	0	1	1	0	0	0	0	0	0	0	0	0	0	0
19281	HAVANA880704	No	No	0	52	0	0	0	1	0	0	0	1	1	0	0	0	0	0	0	0	0	0	0	0	0	0	0
19282	HAVANA880705	No	No	-61	-47	0	1	0	0	0	0	0	0	0	0	1	1	0	0	0	0	0	0	0	0	0	0	0
19282	HAVANA880705	Yes	Yes	-47	-25	0	0	0	0	0	0	0	0	0	0	0	0	0	0	0	0	0	0	1	0	0	0	0
19282	HAVANA880705	No	No	-25	0	0	0	0	1	0	0	0	0	0	0	1	1	0	0	0	0	0	0	0	0	0	0	0
19282	HAVANA880705	No	No	0	52	0	0	0	1	0	0	0	0	1	0	1	0	0	0	0	0	0	0	0	0	0	0	0
19283	HAVANA880712	No	No	-286	-243	0	0	0	0	0	0	0	1	0	0	0	0	0	0	0	0	0	0	0	0	0	0	0
19283	HAVANA880712	No	No	-243	-99	0	0	0	0	0	0	0	1	1	0	0	0	0	0	0	0	0	0	0	0	0	0	0
19283	HAVANA880712	No	No	-99	0	0	1	0	0	0	0	0	0	0	0	1	1	0	0	0	0	0	0	0	0	0	0	0
19283	HAVANA880712	No	No	0	52	0	1	0	0	1	0	0	0	1	0	1	0	0	0	0	0	0	0	0	0	0	0	0
19284	HAVANA880714	No	No	-195	-108	0	0	0	0	0	0	0	1	0	1	0	0	0	0	0	0	0	0	0	0	0	0	0
19284	HAVANA880714	No	No	-108	-38	0	1	0	0	0	0	0	0	0	0	1	1	0	0	0	0	0	0	0	0	0	0	0
19284	HAVANA880714	No	No	-38	-25	0	1	0	0	0	0	0	0	1	0	1	0	0	0	0	0	0	0	0	0	0	0	0
19284	HAVANA880714	No	No	-25	0	0	0	0	1	0	0	0	0	1	0	1	0	0	0	0	1	0	0	0	0	0	0	0
19284	HAVANA880714	No	No	0	52	0	0	0	1	0	0	0	0	1	0	0	0	0	0	0	0	0	1	0	0	0	0	0
19285	HAVANA880715	No	No	-296	-188	0	0	0	0	0	0	0	1	0	0	0	0	0	0	0	0	0	0	0	0	0	0	0
19285	HAVANA880715	No	No	-188	-131	0	0	0	0	0	0	0	1	0	1	0	0	0	0	0	0	0	0	0	0	0	0	0
19285	HAVANA880715	No	No	-131	-44	0	0	0	0	1	0	0	0	0	0	1	1	0	0	0	0	0	0	0	0	0	0	0
19285	HAVANA880715	No	No	-44	0	0	0	0	1	0	0	0	0	1	0	1	0	0	0	0	1	0	0	0	0	0	0	0
19285	HAVANA880715	No	No	0	52	0	0	0	0	0	0	0	0	0	0	0	1	1	0	0	0	0	1	0	0	0	0	0
19286	HAVANA880716	No	No	-384	-279	0	0	0	0	0	0	0	1	0	0	0	0	0	0	0	0	0	0	0	0	0	0	0
19286	HAVANA880716	No	No	-279	-114	0	0	0	0	0	0	0	1	0	1	0	0	0	0	0	0	0	0	0	0	0	0	0
19286	HAVANA880716	No	No	-114	-62	0	1	0	0	0	0	0	1	0	1	0	1	0	0	0	0	0	0	0	0	0	0	0
19286	HAVANA880716	No	No	-62	0	0	0	0	1	0	0	0	0	0	0	1	0	0	0	0	1	0	0	0	0	0	0	0
19286	HAVANA880716	No	No	0	52	0	0	0	1	0	1	0	0	0	0	0	1	1	0	0	0	0	0	0	0	0	0	0
19287	HAVANA880718	No	No	-123	0	0	0	0	0	1	0	0	1	0	0	0	1	0	0	0	0	0	0	0	0	0	0	0
19287	HAVANA880718	No	No	0	52	0	1	0	0	1	0	0	0	1	0	1	0	0	0	0	0	0	0	0	0	0	0	0
19288	HAVANA880719	No	No	-57	0	0	0	0	1	0	0	0	0	0	0	1	1	0	0	0	0	0	0	0	0	0	0	0
19288	HAVANA880719	No	No	0	52	0	0	0	1	0	1	0	0	1	0	1	0	0	0	0	0	0	0	0	0	0	0	0
19289	HAVANA880720	No	No	-153	-127	0	0	0	0	0	0	0	1	0	1	0	0	0	0	0	0	0	0	0	0	0	0	0
19289	HAVANA880720	No	No	-127	-97	0	0	0	0	0	0	0	0	0	0	1	1	0	0	0	0	0	0	0	0	0	0	0
19289	HAVANA880720	No	No	-97	0	0	1	0	0	0	0	0	0	0	0	1	1	0	0	0	0	0	0	0	0	0	0	0
19289	HAVANA880720	No	No	0	52	0	0	0	0	0	0	0	0	1	0	1	0	0	0	0	0	0	1	0	0	0	0	0
19290	HAVANA880723	No	No	-29	0	0	1	0	0	0	0	0	1	0	0	0	1	0	0	0	0	0	0	0	0	0	0	0
19290	HAVANA880723	No	No	0	52	0	1	0	0	0	0	0	1	0	0	0	1	0	0	0	0	0	0	0	0	0	0	0
19291	HAVANA880724	No	No	-56	0	0	0	0	0	1	1	0	0	0	0	1	0	0	0	0	0	0	0	0	0	0	0	0
19291	HAVANA880724	No	No	0	52	0	0	0	1	0	0	0	1	0	0	0	1	0	0	0	0	0	0	0	0	0	0	0
19292	HAVANA880726	No	No	-54	-24	0	1	0	0	0	0	0	1	0	0	0	1	0	0	0	0	0	0	0	0	0	0	0
19292	HAVANA880726	No	No	-24	0	0	0	0	0	1	1	0	0	1	0	1	0	0	0	0	0	0	0	0	0	0	0	0
19292	HAVANA880726	No	No	0	52	0	0	0	0	1	1	0	0	1	0	1	0	0	0	0	0	0	0	0	0	0	0	0
19293	HAVANA880733	No	No	-243	-235	0	0	0	0	0	0	0	1	1	0	0	0	0	0	0	0	0	0	0	0	0	0	0
19293	HAVANA880733	No	No	-235	-156	0	0	0	0	0	0	0	1	0	1	0	0	0	0	0	0	0	0	0	0	0	0	0
19293	HAVANA880733	No	No	-156	-135	0	0	0	0	0	1	0	1	0	0	0	1	0	0	0	0	0	0	0	0	0	0	0
19293	HAVANA880733	No	No	-135	-100	0	1	0	0	0	0	0	1	0	0	0	1	0	0	0	0	0	0	0	0	0	0	0
19293	HAVANA880733	No	No	-100	0	0	1	0	0	0	0	0	0	0	0	1	1	0	0	0	0	0	0	0	0	0	0	0
19293	HAVANA880733	No	No	0	52	0	1	0	0	1	0	0	0	1	0	1	0	0	0	0	0	0	1	0	0	0	0	0
19294	HAVANA880801	No	No	-273	-238	0	0	0	0	0	0	0	1	0	0	0	0	0	0	0	0	0	0	0	0	0	0	0
19294	HAVANA880801	No	No	-238	-173	0	0	0	0	0	0	0	1	0	1	0	0	0	0	0	0	0	0	0	0	0	0	0
19294	HAVANA880801	Yes	Yes	-173	-95	0	0	0	0	0	0	0	0	0	0	0	0	0	0	0	0	0	0	1	0	0	0	0
19294	HAVANA880801	No	No	-95	-73	0	1	0	0	0	0	0	0	0	0	1	1	0	0	0	0	0	0	0	0	0	0	0
19294	HAVANA880801	No	No	-73	0	0	0	0	1	0	0	0	0	0	0	1	1	0	0	0	0	0	0	0	0	0	0	0
19294	HAVANA880801	No	No	0	52	0	0	0	0	1	1	0	0	1	0	1	0	0	0	0	0	0	0	0	0	0	0	0
19295	HAVANA880804	No	No	-165	-82	0	0	0	0	0	0	0	1	0	1	0	0	0	0	0	0	0	0	0	0	0	0	0
19295	HAVANA880804	No	No	-82	-52	0	0	0	0	0	1	0	0	0	0	1	1	0	0	0	0	0	0	0	0	0	0	0
19295	HAVANA880804	No	No	-52	0	0	1	0	0	0	0	0	0	0	0	1	1	0	0	0	0	0	0	0	0	0	0	0
19295	HAVANA880804	No	No	0	52	0	0	0	1	0	0	0	1	1	0	0	0	0	0	0	1	0	0	0	0	0	0	0
19296	HAVANA880806	No	No	-253	-140	0	0	0	0	0	0	0	1	1	0	0	0	0	0	0	0	0	0	0	0	0	0	0
19296	HAVANA880806	No	No	-140	-80	0	0	0	0	0	1	0	0	0	0	1	1	0	0	0	0	0	0	0	0	0	0	0
19296	HAVANA880806	No	No	-80	0	0	1	0	0	0	0	0	0	0	0	1	1	0	0	0	0	0	0	0	0	0	0	0
19296	HAVANA880806	No	No	0	52	0	1	0	0	1	0	0	0	1	0	0	0	0	0	0	1	0	0	0	0	0	0	0
19297	HAVANA880807	No	No	-136	-84	0	0	0	0	0	0	0	1	0	1	0	0	0	0	0	0	0	0	0	0	0	0	0
19297	HAVANA880807	No	No	-84	0	0	0	0	0	0	1	0	0	0	0	1	1	0	0	0	0	0	0	0	0	0	0	0
19297	HAVANA880807	No	No	0	52	0	0	0	1	1	0	0	0	1	0	1	0	0	0	0	0	0	0	0	0	0	0	0
19298	HAVANA880809	No	No	-329	-237	0	0	0	0	0	0	0	1	0	0	0	0	0	0	0	0	0	0	0	0	0	0	0
19298	HAVANA880809	No	No	-237	-137	0	0	0	0	0	0	0	1	0	1	0	0	0	0	0	0	0	0	0	0	0	0	0
19298	HAVANA880809	No	No	-137	0	0	0	0	0	1	0	0	1	1	0	0	0	0	0	0	0	0	0	0	0	0	0	0
19298	HAVANA880809	No	No	0	52	0	0	0	1	0	0	0	0	0	0	1	1	0	0	0	1	0	0	0	0	0	0	0
19299	HAVANA880810	No	No	-68	0	0	1	0	0	0	0	0	0	0	0	1	1	0	0	0	0	0	0	0	0	0	0	0
19299	HAVANA880810	No	No	0	52	0	1	0	0	1	0	0	0	1	0	1	0	0	0	0	0	0	0	0	0	0	0	0
19300	HAVANA880814	No	No	-154	-146	0	0	0	0	0	0	0	1	0	0	0	0	0	0	0	0	0	0	0	0	0	0	0
19300	HAVANA880814	No	No	-146	-85	0	0	0	0	0	0	0	0	1	0	1	0	0	0	0	0	0	0	0	0	0	0	0
19300	HAVANA880814	No	No	-85	-33	0	0	0	0	0	1	0	0	0	0	1	1	0	0	0	0	0	0	0	0	0	0	0
19300	HAVANA880814	No	No	-33	0	0	0	0	1	0	0	0	0	0	0	1	1	0	0	0	0	0	0	0	0	0	0	0
19300	HAVANA880814	No	No	0	52	0	1	0	0	1	0	0	0	0	0	1	0	0	0	0	0	0	1	0	0	0	0	0
19301	HAVANA880904	No	No	-347	-277	0	0	0	0	0	0	0	1	0	0	0	0	0	0	0	0	0	0	0	0	0	0	0
19301	HAVANA880904	No	No	-277	-150	0	0	0	0	0	0	0	0	0	0	1	0	0	0	0	0	0	0	0	0	0	0	0
19301	HAVANA880904	No	No	-150	-142	0	0	0	0	0	0	0	0	1	0	1	0	0	0	0	0	0	0	0	0	0	0	0
19301	HAVANA880904	No	No	-142	-127	0	0	0	0	0	0	0	0	1	0	0	0	0	0	0	0	0	0	0	0	0	0	0
19301	HAVANA880904	No	No	-127	-118	0	0	0	0	1	0	0	1	0	0	0	1	0	0	0	0	0	0	0	0	0	0	0
19301	HAVANA880904	No	No	-118	-77	0	1	0	0	0	0	0	1	0	0	0	1	0	0	0	0	0	0	0	0	0	0	0
19301	HAVANA880904	No	No	-77	-67	0	0	0	0	0	1	0	1	0	0	0	1	0	0	0	0	0	0	0	0	0	0	0
19301	HAVANA880904	No	No	-67	-18	0	0	0	1	0	0	0	0	0	0	1	0	0	0	0	1	0	0	0	0	0	0	0
19301	HAVANA880904	No	No	-18	0	0	0	0	1	0	0	0	0	1	0	1	0	0	0	0	1	0	0	0	0	0	0	0
19301	HAVANA880904	No	No	0	52	0	1	0	1	0	0	0	0	1	0	0	1	0	0	0	0	0	0	0	0	0	0	0
19302	HAVANA880906	No	No	-235	-197	0	0	0	0	0	0	0	1	0	0	0	0	0	0	0	0	0	0	0	0	0	0	0
19302	HAVANA880906	No	No	-197	-138	0	0	0	0	0	0	0	1	1	0	0	0	0	0	0	0	0	0	0	0	0	0	0
19302	HAVANA880906	No	No	-138	-93	0	0	0	0	0	1	0	1	1	0	0	0	0	0	0	0	0	0	0	0	0	0	0
19302	HAVANA880906	No	No	-93	-49	0	1	0	0	0	0	0	0	0	0	1	1	0	0	0	0	0	0	0	0	0	0	0
19302	HAVANA880906	No	No	-49	0	0	0	0	1	0	0	0	0	1	0	1	0	0	0	0	1	0	0	0	0	0	0	0
19302	HAVANA880906	No	No	0	52	0	1	0	0	1	0	0	0	1	0	0	0	1	0	0	0	0	0	0	0	0	0	0
19303	HAVANA880908	No	No	-386	-203	0	0	0	0	0	0	0	1	0	0	0	0	0	0	0	0	0	0	0	0	0	0	0
19303	HAVANA880908	No	No	-203	-177	0	0	0	0	0	0	0	0	0	1	0	0	0	0	0	0	0	0	0	0	0	0	0
19303	HAVANA880908	No	No	-177	-164	0	0	0	0	0	0	0	0	1	0	0	0	0	0	0	0	0	0	0	0	0	0	0
19303	HAVANA880908	No	No	-164	-146	0	0	0	0	1	0	0	0	1	0	0	0	0	0	0	0	0	0	0	0	0	0	0
19303	HAVANA880908	No	No	-146	-138	0	0	0	0	1	0	0	0	0	0	1	0	0	0	0	0	0	0	0	0	0	0	0
19303	HAVANA880908	No	No	-138	-112	0	0	0	0	1	0	0	0	0	0	1	1	0	0	0	0	0	0	0	0	0	0	0
19303	HAVANA880908	No	No	-112	-90	0	0	0	0	1	1	0	0	0	0	1	1	0	0	0	0	0	0	0	0	0	0	0
19303	HAVANA880908	No	No	-90	0	0	0	0	1	0	0	0	0	0	0	1	1	0	0	0	0	0	0	0	0	0	0	0
19303	HAVANA880908	No	No	0	52	0	1	0	0	1	0	0	0	1	0	0	0	1	0	0	0	0	1	0	0	0	0	0
19304	HAVANA880911	No	No	-339	-222	0	0	0	0	0	0	0	1	0	0	0	0	0	0	0	0	0	0	0	0	0	0	0
19304	HAVANA880911	No	No	-222	-161	0	0	0	0	0	0	0	0	1	0	0	0	0	0	0	0	0	0	0	0	0	0	0
19304	HAVANA880911	No	No	-161	-139	0	0	0	0	1	0	0	0	1	0	0	0	0	0	0	0	0	0	0	0	0	0	0
19304	HAVANA880911	No	No	-139	-122	0	0	0	0	1	0	0	0	1	0	1	0	0	0	0	0	0	0	0	0	0	0	0
19304	HAVANA880911	No	No	-122	-39	0	0	0	0	1	1	0	0	1	0	1	0	0	0	0	0	0	0	0	0	0	0	0
19304	HAVANA880911	No	No	-39	0	0	0	0	0	0	0	0	0	1	0	1	0	0	0	0	0	0	1	0	0	0	0	0
19304	HAVANA880911	No	No	0	52	0	1	0	0	1	0	0	0	1	0	1	1	1	0	0	0	0	0	0	0	0	0	0
19305	HAVANA880915	No	No	-404	-308	0	0	0	0	0	0	0	1	0	0	0	0	0	0	0	0	0	0	0	0	0	0	0
19305	HAVANA880915	No	No	-308	-269	0	0	0	0	0	0	0	0	1	0	0	0	0	0	0	0	0	0	0	0	0	0	0
19305	HAVANA880915	No	No	-269	-178	0	0	0	0	0	0	0	0	0	1	0	0	0	0	0	0	0	0	0	0	0	0	0
19305	HAVANA880915	No	No	-178	-165	0	0	0	0	0	0	0	1	0	0	0	0	0	0	0	0	0	0	0	0	0	0	0
19305	HAVANA880915	No	No	-165	-139	0	0	0	0	1	0	0	1	0	0	0	0	0	0	0	0	0	0	0	0	0	0	0
19305	HAVANA880915	No	No	-139	-130	0	0	0	0	1	1	0	1	0	0	0	1	0	0	0	0	0	0	0	0	0	0	0
19305	HAVANA880915	No	No	-130	-113	0	0	0	0	1	1	0	0	0	0	1	1	0	0	0	0	0	0	0	0	0	0	0
19305	HAVANA880915	No	No	-113	0	0	0	0	0	1	1	0	0	1	0	1	0	0	0	0	0	0	0	0	0	0	0	0
19305	HAVANA880915	No	No	0	52	0	0	0	0	1	1	0	0	1	0	1	1	1	0	0	0	0	0	0	0	0	0	0
19306	HAVANA880919	No	No	-246	-189	0	0	0	0	0	0	0	1	0	0	0	0	0	0	0	0	0	0	0	0	0	0	0
19306	HAVANA880919	No	No	-189	-133	0	0	0	0	0	1	0	1	0	1	0	0	0	0	0	0	0	0	0	0	0	0	0
19306	HAVANA880919	No	No	-133	-72	0	1	0	0	0	0	0	0	0	0	1	1	0	0	0	0	0	0	0	0	0	0	0
19306	HAVANA880919	No	No	-72	0	0	0	0	1	0	0	0	0	1	0	1	0	0	0	0	0	0	0	0	0	0	0	0
19306	HAVANA880919	No	No	0	52	0	0	0	1	0	1	0	0	1	0	0	1	0	0	0	0	0	0	0	0	0	0	0
19307	HAVANA880920	No	No	-449	-312	0	0	0	0	0	0	0	1	0	0	0	0	0	0	0	0	0	0	0	0	0	0	0
19307	HAVANA880920	No	No	-312	-236	0	0	0	0	0	0	0	0	1	0	0	0	0	0	0	0	0	0	0	0	0	0	0
19307	HAVANA880920	No	No	-236	-230	0	0	0	0	0	0	0	0	0	1	0	0	0	0	0	0	0	0	0	0	0	0	0
19307	HAVANA880920	No	No	-230	-167	0	0	0	0	0	0	0	1	0	0	0	0	0	0	0	0	0	0	0	0	0	0	0
19307	HAVANA880920	No	No	-167	-139	0	0	0	0	1	0	0	1	0	0	0	0	0	0	0	0	0	0	0	0	0	0	0
19307	HAVANA880920	No	No	-139	-103	0	1	0	0	0	0	0	1	0	0	0	1	0	0	0	0	0	0	0	0	0	0	0
19307	HAVANA880920	No	No	-103	-76	0	1	0	0	0	0	0	0	0	0	1	1	0	0	0	0	0	0	0	0	0	0	0
19307	HAVANA880920	No	No	-76	-39	0	0	0	1	0	0	0	0	1	0	1	0	0	0	0	1	0	0	0	0	0	0	0
19307	HAVANA880920	No	No	-39	0	0	0	0	0	0	0	0	0	1	0	1	0	0	0	0	0	0	1	0	0	0	0	0
19307	HAVANA880920	No	No	0	52	0	1	0	0	1	0	0	0	1	0	1	1	0	0	0	0	0	1	0	0	0	0	0
19308	HAVANA881101	No	No	-275	-197	0	0	0	0	0	0	0	1	0	0	0	0	0	0	0	0	0	0	0	0	0	0	0
19308	HAVANA881101	No	No	-197	-135	0	0	0	0	0	0	0	1	1	0	0	0	0	0	0	0	0	0	0	0	0	0	0
19308	HAVANA881101	No	No	-135	-69	0	1	0	0	0	0	0	0	0	0	1	1	0	0	0	0	0	0	0	0	0	0	0
19308	HAVANA881101	No	No	-69	0	0	1	0	0	0	0	0	0	1	0	0	0	0	0	0	1	0	0	0	0	0	0	0
19308	HAVANA881101	No	No	0	52	0	0	0	1	0	0	0	0	1	0	1	0	1	0	0	0	0	0	0	0	0	0	0
19309	HAVANA881102	No	No	-243	-121	0	0	0	0	0	0	0	0	1	0	0	0	0	0	0	0	0	0	0	0	0	0	0
19309	HAVANA881102	No	No	-121	-94	0	0	0	0	1	0	0	1	0	0	0	1	0	0	0	0	0	0	0	0	0	0	0
19309	HAVANA881102	No	No	-94	0	0	1	0	0	0	0	0	0	0	0	1	1	0	0	0	0	0	0	0	0	0	0	0
19309	HAVANA881102	No	No	0	52	0	1	0	0	0	0	0	0	0	0	1	0	0	0	0	1	0	0	0	0	0	0	0
19310	HAVANA881103	No	No	-35	0	0	1	0	0	0	0	0	0	0	0	0	1	0	0	0	1	0	0	0	0	0	0	0
19310	HAVANA881103	No	No	0	52	0	0	0	1	0	0	0	0	1	0	0	0	0	0	0	1	0	0	0	0	0	0	0
19311	HAVANA881107	No	No	-341	-236	0	0	0	0	0	0	0	1	0	0	0	0	0	0	0	0	0	0	0	0	0	0	0
19311	HAVANA881107	Yes	Yes	-236	-103	0	0	0	0	0	0	0	0	0	0	0	0	0	0	0	0	0	0	1	0	0	0	0
19311	HAVANA881107	No	No	-103	-52	0	0	0	0	0	1	0	0	1	0	0	1	0	0	0	0	0	0	0	0	0	0	0
19311	HAVANA881107	No	No	-52	0	0	0	0	0	1	0	0	0	0	0	1	1	0	0	0	1	0	0	0	0	0	0	0
19311	HAVANA881107	No	No	0	52	0	1	0	0	1	0	0	0	1	0	0	0	0	0	0	0	0	0	0	0	0	0	0
19312	HAVANA881203	No	No	-228	-145	0	0	0	0	0	0	0	1	1	0	0	0	0	0	0	0	0	0	0	0	0	0	0
19312	HAVANA881203	No	No	-145	-106	0	1	0	0	0	0	0	0	0	0	1	0	0	0	0	0	0	0	0	0	0	0	0
19312	HAVANA881203	No	No	-106	0	0	0	0	0	1	1	0	1	0	0	0	1	0	0	0	0	0	0	0	0	0	0	0
19312	HAVANA881203	No	No	0	52	0	0	0	0	0	0	0	0	1	0	1	0	0	0	0	0	0	1	0	0	0	0	0
19313	HAVANA881205	No	No	-36	0	0	0	0	0	0	1	0	0	0	0	1	1	0	0	0	0	0	0	0	0	0	0	0
19313	HAVANA881205	No	No	0	52	0	0	0	0	0	0	0	1	1	0	0	0	1	0	0	1	0	0	0	0	0	0	0
19314	HAVANA881206	No	No	-344	-90	0	0	0	0	0	0	0	1	0	0	0	0	0	0	0	0	0	0	0	0	0	0	0
19314	HAVANA881206	No	No	-90	-73	0	1	0	0	0	0	0	0	1	0	1	0	0	0	0	0	0	0	0	0	0	0	0
19314	HAVANA881206	No	No	-73	0	0	0	0	0	0	1	0	0	0	0	1	1	0	0	0	0	0	0	0	0	0	0	0
19314	HAVANA881206	No	No	0	52	0	0	0	1	0	0	0	0	1	0	0	0	0	0	0	1	0	0	0	0	0	0	0
19315	HAVANA881212	No	No	-253	-144	0	0	0	0	1	0	0	0	0	0	1	0	0	0	0	0	0	0	0	0	0	0	0
19315	HAVANA881212	No	No	-144	0	0	0	0	0	0	1	0	0	0	0	1	1	0	0	0	0	0	0	0	0	0	0	0
19315	HAVANA881212	No	No	0	52	0	0	0	0	0	0	0	0	1	0	1	0	0	0	0	1	0	0	0	0	0	0	0
19316	HAVANA881213	No	No	-165	-152	0	0	0	0	0	0	0	1	0	0	0	0	0	0	0	0	0	0	0	0	0	0	0
19316	HAVANA881213	No	No	-152	-78	0	1	0	0	0	0	0	0	0	0	1	1	0	0	0	0	0	0	0	0	0	0	0
19316	HAVANA881213	No	No	-78	0	0	0	0	1	0	0	0	0	0	0	1	1	0	0	0	0	0	0	0	0	0	0	0
19316	HAVANA881213	No	No	0	52	0	1	0	0	1	0	0	0	0	0	1	0	0	0	0	0	0	0	0	0	0	0	0
19317	HAVANA881214	No	No	-250	-184	0	0	0	0	0	0	0	1	1	0	0	0	0	0	0	0	0	0	0	0	0	0	0
19317	HAVANA881214	No	No	-184	-128	0	0	0	0	0	1	0	1	1	0	0	0	0	0	0	0	0	0	0	0	0	0	0
19317	HAVANA881214	No	No	-128	-115	0	1	0	0	0	0	0	1	0	0	0	1	0	0	0	0	0	0	0	0	0	0	0
19317	HAVANA881214	No	No	-115	-93	0	0	0	0	1	1	0	0	0	0	1	0	0	0	0	0	0	0	0	0	0	0	0
19317	HAVANA881214	No	No	-93	-41	0	0	0	1	0	0	0	0	0	0	0	0	0	0	0	1	0	0	0	0	0	0	0
19317	HAVANA881214	No	No	-41	0	0	1	0	0	0	0	0	0	1	0	1	0	0	0	0	0	0	0	0	0	0	0	0
19317	HAVANA881214	No	No	0	52	0	1	0	1	1	0	0	0	0	0	1	1	0	0	0	0	0	1	0	0	0	0	0
19318	HAVANA881216	No	No	-241	-169	0	0	0	0	0	0	0	1	0	0	0	0	0	0	0	0	0	0	0	0	0	0	0
19318	HAVANA881216	No	No	-169	-106	0	0	0	0	0	0	0	1	0	1	0	0	0	0	0	0	0	0	0	0	0	0	0
19318	HAVANA881216	No	No	-106	-68	0	1	0	0	0	0	0	0	0	0	1	1	0	0	0	0	0	0	0	0	0	0	0
19318	HAVANA881216	No	No	-68	-41	0	0	0	0	0	1	0	0	1	0	1	0	0	0	0	0	0	0	0	0	0	0	0
19318	HAVANA881216	No	No	-41	-24	0	0	0	1	0	0	0	0	0	0	1	1	0	0	0	0	0	1	0	0	0	0	0
19318	HAVANA881216	No	No	-24	0	0	0	0	1	0	0	0	0	0	0	1	1	0	0	0	1	0	0	0	0	0	0	0
19318	HAVANA881216	No	No	0	52	0	0	0	0	0	0	0	1	0	0	0	1	1	0	0	0	0	0	0	0	0	0	0
19319	HAVANA881217	No	No	-229	-164	0	0	0	0	0	0	0	1	1	0	0	0	0	0	0	0	0	0	0	0	0	0	0
19319	HAVANA881217	No	No	-164	-146	0	0	0	0	0	1	0	1	0	0	0	1	0	0	0	0	0	0	0	0	0	0	0
19319	HAVANA881217	No	No	-146	0	0	1	0	0	0	0	0	0	0	0	1	1	0	0	0	0	0	0	0	0	0	0	0
19319	HAVANA881217	No	No	0	52	0	1	0	0	1	0	0	0	0	0	1	0	0	0	0	1	0	0	0	0	0	0	0
19320	HAVANA881218	No	No	-259	-154	0	0	0	0	0	0	0	1	0	0	0	0	0	0	0	0	0	0	0	0	0	0	0
19320	HAVANA881218	No	No	-154	-102	0	0	0	0	0	0	0	1	1	0	0	0	0	0	0	0	0	0	0	0	0	0	0
19320	HAVANA881218	No	No	-102	0	0	0	0	1	0	0	0	0	1	0	1	0	0	0	0	0	0	0	0	0	0	0	0
19320	HAVANA881218	No	No	0	52	0	1	0	0	1	0	0	0	1	0	0	0	1	0	0	0	0	0	0	0	0	0	0
19321	HAVANA881220	No	No	-202	-193	0	1	0	0	0	0	0	1	0	0	0	1	0	0	0	0	0	0	0	0	0	0	0
19321	HAVANA881220	No	No	-193	-132	0	0	0	0	0	0	0	1	1	0	0	0	0	0	0	0	0	0	0	0	0	0	0
19321	HAVANA881220	No	No	-132	-119	0	1	0	0	0	0	0	0	0	0	1	1	0	0	0	0	0	0	0	0	0	0	0
19321	HAVANA881220	No	No	-119	-101	0	0	0	0	0	1	0	0	0	0	1	1	0	0	0	0	0	0	0	0	0	0	0
19321	HAVANA881220	No	No	-101	0	0	0	0	0	0	0	0	0	0	0	1	1	0	0	0	1	0	0	0	0	0	0	0
19321	HAVANA881220	No	No	0	52	0	0	0	0	0	0	0	0	1	0	0	0	1	0	0	0	0	1	0	0	0	0	0
19322	HAVANA881302	No	No	-206	-129	0	0	0	0	0	0	0	0	0	1	0	0	0	0	0	0	0	0	0	0	0	0	0
19322	HAVANA881302	No	No	-129	-124	0	1	0	0	0	0	0	1	0	1	0	0	0	0	0	0	0	0	0	0	0	0	0
19322	HAVANA881302	No	No	-124	-75	0	0	0	0	0	0	0	1	0	1	0	0	0	0	0	0	0	0	0	0	0	0	0
19322	HAVANA881302	No	No	-75	0	0	1	0	0	0	0	0	0	0	0	1	1	0	0	0	0	0	0	0	0	0	0	0
19322	HAVANA881302	No	No	0	52	0	1	0	0	1	0	0	0	1	0	1	0	0	0	0	0	0	0	0	0	0	0	0
19323	HAVANA881306	No	No	-249	-196	0	0	0	0	0	0	0	1	1	0	0	0	0	0	0	0	0	0	0	0	0	0	0
19323	HAVANA881306	Yes	Yes	-196	-167	0	0	0	0	0	0	0	0	0	0	0	0	0	0	0	0	0	0	1	0	0	0	0
19323	HAVANA881306	No	No	-167	0	0	0	0	0	0	0	0	0	1	0	1	0	0	0	0	0	0	0	0	0	0	0	0
19323	HAVANA881306	No	No	0	52	0	0	0	1	0	0	0	0	0	0	0	1	0	0	0	1	0	0	0	0	0	0	0
19324	HAVANA881309	No	No	-256	-163	0	0	0	0	0	0	0	1	0	1	0	0	0	0	0	0	0	0	0	0	0	0	0
19324	HAVANA881309	No	No	-163	0	0	1	0	0	0	0	0	0	1	0	0	1	0	0	0	0	0	0	0	0	0	0	0
19324	HAVANA881309	No	No	0	52	0	0	0	1	0	1	0	1	0	0	0	0	1	0	0	0	0	0	0	0	0	0	0
19325	HAVANA881401	No	No	-113	-36	0	0	0	0	0	0	0	1	0	0	0	1	0	0	0	0	0	0	0	0	0	0	0
19325	HAVANA881401	No	No	-36	0	0	0	0	0	0	0	0	1	0	0	0	1	0	0	0	1	0	0	0	0	0	0	0
19325	HAVANA881401	No	No	0	52	0	0	0	0	0	0	0	0	1	0	1	0	0	0	0	1	0	0	0	0	0	0	0
19326	HAVANA881402	No	No	-95	0	0	0	0	0	0	0	0	1	1	0	0	0	0	0	0	0	0	0	0	0	0	0	0
19326	HAVANA881402	No	No	0	52	0	0	0	1	0	0	0	0	0	0	1	1	0	0	0	0	0	0	0	0	0	0	0
19327	HAVANA881404	No	No	-137	0	0	0	0	0	0	0	0	1	0	0	0	1	0	0	0	0	0	0	0	0	0	0	0
19327	HAVANA881404	No	No	0	52	0	1	0	0	1	0	0	0	0	0	0	0	0	0	0	1	0	0	0	0	0	0	0
19328	HAVANA881406	No	No	-319	-268	0	0	0	0	0	0	0	1	0	0	0	0	0	0	0	0	0	0	0	0	0	0	0
19328	HAVANA881406	No	No	-268	-232	0	0	0	0	0	0	0	0	1	0	0	0	0	0	0	0	0	0	0	0	0	0	0
19328	HAVANA881406	No	No	-232	-153	0	0	0	0	0	0	0	1	1	0	0	0	0	0	0	0	0	0	0	0	0	0	0
19328	HAVANA881406	No	No	-153	0	0	0	0	0	0	1	0	1	1	0	0	0	0	0	0	0	0	0	0	0	0	0	0
19328	HAVANA881406	No	No	0	52	0	0	0	0	0	0	0	0	0	0	1	1	0	0	0	0	0	1	0	0	0	0	0
19329	HAVANA881501	No	No	-77	-38	0	0	0	0	0	1	0	1	0	0	0	1	0	0	0	0	0	0	0	0	0	0	0
19329	HAVANA881501	Yes	Yes	-38	-25	0	0	0	0	0	0	0	0	0	0	0	0	0	0	0	0	0	0	1	0	0	0	0
19329	HAVANA881501	No	No	-25	0	0	0	0	0	0	1	0	1	0	0	0	1	0	0	0	0	0	0	0	0	0	0	0
19329	HAVANA881501	No	No	0	52	0	0	0	0	0	0	0	0	1	0	1	0	0	0	0	0	0	1	0	0	0	0	0
19330	HAVANA881505	No	No	-199	-138	0	0	0	0	0	0	0	1	1	0	0	0	0	0	0	0	0	0	0	0	0	0	0
19330	HAVANA881505	No	No	-138	-125	0	1	0	0	0	0	0	1	0	1	0	0	0	0	0	0	0	0	0	0	0	0	0
19330	HAVANA881505	No	No	-125	-86	0	1	0	0	0	0	0	1	0	0	0	1	0	0	0	0	0	0	0	0	0	0	0
19330	HAVANA881505	No	No	-86	-69	0	1	0	0	0	0	0	0	1	0	1	0	0	0	0	0	0	0	0	0	0	0	0
19330	HAVANA881505	No	No	-69	0	0	0	0	0	1	1	0	0	0	0	1	1	0	0	0	0	0	0	0	0	0	0	0
19330	HAVANA881505	No	No	0	52	0	1	0	0	1	0	0	0	1	0	0	0	0	0	0	0	0	1	0	0	0	0	0
19331	HAVANA881506	No	No	-179	-153	0	0	0	0	0	0	0	1	1	0	0	0	0	0	0	0	0	0	0	0	0	0	0
19331	HAVANA881506	No	No	-153	-118	0	0	0	0	1	0	0	1	1	0	0	1	0	0	0	1	0	0	0	0	0	0	0
19331	HAVANA881506	No	No	-118	0	0	1	0	0	0	0	0	0	0	0	1	1	0	0	0	1	0	0	0	0	0	0	0
19331	HAVANA881506	No	No	0	52	0	1	0	0	1	0	0	0	1	0	0	0	0	0	0	0	0	1	0	0	0	0	0
19332	HAVANA881507	No	No	-47	-16	0	1	0	0	0	0	0	0	1	0	1	0	0	0	0	0	0	0	0	0	0	0	0
19332	HAVANA881507	No	No	-16	0	0	0	0	0	1	1	0	1	0	0	0	1	0	0	0	0	0	0	0	0	0	0	0
19332	HAVANA881507	No	No	0	52	0	0	0	0	1	1	0	1	0	0	0	1	0	0	0	0	0	0	0	0	0	0	0
19333	HAVANA881509	No	No	-130	-113	0	0	0	0	0	0	0	1	0	0	0	1	0	0	0	0	0	0	0	0	0	0	0
19333	HAVANA881509	No	No	-113	-82	0	1	0	0	0	0	0	1	0	0	0	1	0	0	0	0	0	0	0	0	0	0	0
19333	HAVANA881509	Yes	Yes	-82	-56	0	0	0	0	0	0	0	0	0	0	0	0	0	0	0	0	0	0	1	0	0	0	0
19333	HAVANA881509	No	No	-56	0	0	0	0	1	0	0	0	0	0	0	1	1	0	0	0	0	0	0	0	0	0	0	0
19333	HAVANA881509	No	No	0	52	0	0	0	0	0	0	0	0	1	0	1	0	0	0	0	1	0	0	0	0	0	0	0
