PtID	Alias	ExactDateUnknown	DrugOrderUnknown	StartDate	StopDate	APV	IDV	LPV	NFV	RTV	SQV	ATV	AZT	DDI	DDC	D4T	3TC	ABC	ADV	TDF	NVP	DLV	EFV	Unknown	PI	RTI	NRTI	NNRTI
15133	GART-NG1	Yes	No	-104	-52	0	0	0	0	0	0	0	0	0	0	0	0	0	0	0	0	0	0	0	1	0	1	0
15133	GART-NG1	Yes	No	-52	0	0	1	0	0	0	0	0	1	0	0	0	1	0	0	0	0	0	0	0	0	0	0	0
15133	GART-NG1	No	No	0	12	0	0	0	0	1	1	0	0	1	0	1	0	0	0	0	0	0	0	0	0	0	0	0
15134	GART-NG2	Yes	No	-104	-52	0	0	0	0	0	0	0	0	0	0	0	0	0	0	0	0	0	0	0	1	0	1	0
15134	GART-NG2	Yes	No	-52	0	0	1	0	0	0	0	0	1	0	0	0	1	0	0	0	0	0	0	0	0	0	0	0
15134	GART-NG2	No	No	0	12	0	0	0	0	1	1	0	0	1	0	1	0	0	0	0	0	0	0	0	0	0	0	0
15135	GART-G3	Yes	No	-104	-52	0	0	0	0	0	0	0	0	0	0	0	0	0	0	0	0	0	0	0	1	0	1	0
15135	GART-G3	Yes	No	-52	0	0	1	0	0	0	0	0	1	0	0	0	1	0	0	0	0	0	0	0	0	0	0	0
15135	GART-G3	No	No	0	12	0	0	0	0	0	0	0	0	1	0	1	0	0	0	0	1	0	0	0	0	0	0	0
15136	GART-NG4	Yes	No	-104	-52	0	0	0	0	0	0	0	0	0	0	0	0	0	0	0	0	0	0	0	1	0	1	0
15136	GART-NG4	Yes	No	-52	0	0	0	0	1	0	0	0	0	0	0	1	1	0	0	0	0	0	0	0	0	0	0	0
15136	GART-NG4	No	No	0	12	0	1	0	0	0	0	0	0	0	1	0	0	0	0	0	1	0	0	0	0	0	0	0
15137	GART-NG5	Yes	No	-104	-52	0	0	0	0	0	0	0	0	0	0	0	0	0	0	0	0	0	0	0	1	0	1	0
15137	GART-NG5	Yes	No	-52	0	0	0	0	0	1	0	0	0	0	0	1	1	0	0	0	0	0	0	0	0	0	0	0
15137	GART-NG5	No	No	0	12	0	0	0	1	0	0	0	0	1	0	0	0	0	0	0	1	0	0	0	0	0	0	0
15138	GART-NG6	Yes	No	-104	-52	0	0	0	0	0	0	0	0	0	0	0	0	0	0	0	0	0	0	0	1	0	1	0
15138	GART-NG6	Yes	No	-52	0	0	0	0	1	0	0	0	0	0	0	1	1	0	0	0	0	0	0	0	0	0	0	0
15138	GART-NG6	No	No	0	12	0	1	0	0	0	0	0	0	1	0	0	0	0	0	0	1	0	0	0	0	0	0	0
15139	GART-G7	Yes	No	-104	-52	0	0	0	0	0	0	0	0	0	0	0	0	0	0	0	0	0	0	0	1	0	1	0
15139	GART-G7	Yes	No	-52	0	0	0	0	0	1	0	0	0	0	0	1	1	0	0	0	0	0	0	0	0	0	0	0
15139	GART-G7	No	No	0	12	0	0	0	1	0	0	0	0	1	0	0	0	0	0	0	1	0	0	0	0	0	0	0
15140	GART-G8	Yes	No	-104	-52	0	0	0	0	0	0	0	0	0	0	0	0	0	0	0	0	0	0	0	1	0	1	0
15140	GART-G8	Yes	No	-52	0	0	0	0	0	1	0	0	0	0	0	1	1	0	0	0	0	0	0	0	0	0	0	0
15140	GART-G8	No	No	0	12	0	0	0	0	1	1	0	0	1	0	0	0	0	0	0	1	0	0	0	0	0	0	0
15141	GART-G9	Yes	No	-104	-52	0	0	0	0	0	0	0	0	0	0	0	0	0	0	0	0	0	0	0	1	0	1	0
15141	GART-G9	Yes	No	-52	0	0	1	0	0	0	0	0	1	0	0	0	1	0	0	0	0	0	0	0	0	0	0	0
15141	GART-G9	No	No	0	12	0	0	0	1	0	0	0	0	1	0	0	0	0	0	0	1	0	0	0	0	0	0	0
15142	GART-NG10	Yes	No	-104	-52	0	0	0	0	0	0	0	0	0	0	0	0	0	0	0	0	0	0	0	1	0	1	0
15142	GART-NG10	Yes	No	-52	0	0	1	0	0	0	0	0	1	0	0	0	1	0	0	0	0	0	0	0	0	0	0	0
15142	GART-NG10	No	No	0	12	0	0	0	0	1	1	0	0	0	0	0	0	0	0	0	0	0	0	0	0	0	0	0
15143	GART-NG11	Yes	No	-104	-52	0	0	0	0	0	0	0	0	0	0	0	0	0	0	0	0	0	0	0	1	0	1	0
15143	GART-NG11	Yes	No	-52	0	0	0	0	1	0	0	0	0	1	0	1	0	0	0	0	0	0	0	0	0	0	0	0
15143	GART-NG11	No	No	0	12	0	1	0	0	0	0	0	1	0	1	0	0	0	0	0	1	0	0	0	0	0	0	0
15144	GART-G12	Yes	Yes	-104	-52	0	0	0	0	0	0	0	0	0	0	0	0	0	0	0	0	0	0	1	0	0	0	0
15144	GART-G12	Yes	No	-52	0	0	0	0	1	0	0	0	0	0	0	1	1	0	0	0	0	0	0	0	0	0	0	0
15144	GART-G12	No	No	0	12	0	0	0	1	0	0	0	0	1	0	1	0	0	0	0	1	0	0	0	0	0	0	0
15145	GART-NG13	Yes	No	-104	-52	0	0	0	0	0	0	0	0	0	0	0	0	0	0	0	0	0	0	0	1	0	1	0
15145	GART-NG13	Yes	No	-52	0	0	1	0	0	0	0	0	1	0	0	0	1	0	0	0	0	0	0	0	0	0	0	0
15145	GART-NG13	No	No	0	12	0	0	0	1	0	0	0	1	0	1	0	0	0	0	0	0	0	0	0	0	0	0	0
15146	GART-G14	Yes	No	-104	-52	0	0	0	0	0	0	0	0	0	0	0	0	0	0	0	0	0	0	0	1	0	1	0
15146	GART-G14	Yes	No	-52	0	0	0	0	1	0	0	0	1	1	0	0	0	0	0	0	0	0	0	0	0	0	0	0
15146	GART-G14	No	No	0	12	0	0	0	1	0	1	0	0	1	0	1	0	0	0	0	0	1	0	0	0	0	0	0
15147	GART-G15	Yes	No	-104	-52	0	0	0	0	0	0	0	0	0	0	0	0	0	0	0	0	0	0	0	1	0	1	0
15147	GART-G15	Yes	No	-52	0	0	1	0	0	0	0	0	0	0	0	1	1	0	0	0	0	0	0	0	0	0	0	0
15147	GART-G15	No	No	0	12	0	0	0	0	1	1	0	0	0	0	1	0	0	0	0	0	0	0	0	0	0	0	0
15148	GART-G16	Yes	Yes	-104	-52	0	0	0	0	0	0	0	0	0	0	0	0	0	0	0	0	0	0	1	0	0	0	0
15148	GART-G16	Yes	No	-52	0	0	0	0	1	0	0	0	0	1	0	1	0	0	0	0	0	0	0	0	0	0	0	0
15148	GART-G16	No	No	0	11	0	1	0	0	0	0	0	0	1	0	1	0	0	0	0	0	0	0	0	0	0	0	0
15149	GART-NG17	Yes	No	-104	-52	0	0	0	0	0	0	0	0	0	0	0	0	0	0	0	0	0	0	0	1	0	1	0
15149	GART-NG17	Yes	No	-52	0	0	1	0	0	0	0	0	1	0	0	0	1	0	0	0	0	0	0	0	0	0	0	0
15149	GART-NG17	No	No	0	12	0	0	0	1	0	1	0	0	0	0	1	1	0	0	0	0	0	0	0	0	0	0	0
15150	GART-G18	Yes	No	-104	-52	0	0	0	0	0	0	0	0	0	0	0	0	0	0	0	0	0	0	0	1	0	1	0
15150	GART-G18	Yes	No	-52	0	0	0	0	0	1	0	0	1	0	0	0	1	0	0	0	0	0	0	0	0	0	0	0
15150	GART-G18	No	No	0	12	0	0	0	0	1	1	0	0	1	0	1	0	0	0	0	1	0	0	0	0	0	0	0
15151	GART-G19	Yes	No	-104	-52	0	0	0	0	0	0	0	0	0	0	0	0	0	0	0	0	0	0	0	1	0	1	0
15151	GART-G19	Yes	No	-52	0	0	0	0	1	0	0	0	0	1	0	1	0	0	0	0	0	0	0	0	0	0	0	0
15151	GART-G19	No	No	0	12	0	0	0	0	1	1	0	0	1	0	0	0	0	0	0	1	0	0	0	0	0	0	0
15152	GART-G20	Yes	No	-104	-52	0	0	0	0	0	0	0	0	0	0	0	0	0	0	0	0	0	0	0	1	0	1	0
15152	GART-G20	Yes	No	-52	0	0	0	0	1	0	0	0	0	0	0	1	1	0	0	0	0	0	0	0	0	0	0	0
15152	GART-G20	No	No	0	12	0	1	0	0	0	0	0	0	1	0	1	0	0	0	0	0	1	0	0	0	0	0	0
15153	GART-G21	Yes	No	-104	-52	0	0	0	0	0	0	0	0	0	0	0	0	0	0	0	0	0	0	0	1	0	1	0
15153	GART-G21	Yes	No	-52	0	0	0	0	0	1	0	0	1	0	0	0	1	0	0	0	0	0	0	0	0	0	0	0
15153	GART-G21	No	No	0	12	0	0	0	1	0	1	0	0	0	0	1	1	0	0	0	0	0	1	0	0	0	0	0
15154	GART-NG22	Yes	No	-104	-52	0	0	0	0	0	0	0	0	0	0	0	0	0	0	0	0	0	0	0	1	0	1	0
15154	GART-NG22	Yes	No	-52	0	0	0	0	0	1	0	0	0	0	0	1	1	0	0	0	0	0	0	0	0	0	0	0
15154	GART-NG22	No	No	0	12	0	0	0	0	0	0	0	0	1	0	0	0	0	0	0	0	0	1	0	0	0	0	0
15155	GART-G23	Yes	No	-104	-52	0	0	0	0	0	0	0	0	0	0	0	0	0	0	0	0	0	0	0	1	0	1	0
15155	GART-G23	Yes	No	-52	0	0	1	0	0	0	0	0	0	0	0	1	1	0	0	0	0	0	0	0	0	0	0	0
15155	GART-G23	No	No	0	12	0	0	0	1	0	0	0	0	1	0	0	0	0	0	0	0	0	1	0	0	0	0	0
15156	GART-G24	Yes	No	-104	-52	0	0	0	0	0	0	0	0	0	0	0	0	0	0	0	0	0	0	0	1	0	1	0
15156	GART-G24	Yes	No	-52	0	0	0	0	1	0	0	0	1	0	0	0	1	0	0	0	0	0	0	0	0	0	0	0
15156	GART-G24	No	No	0	12	0	0	0	0	0	0	0	0	1	0	1	0	0	0	0	0	0	1	0	0	0	0	0
15157	GART-NG25	Yes	Yes	-104	-52	0	0	0	0	0	0	0	0	0	0	0	0	0	0	0	0	0	0	1	0	0	0	0
15157	GART-NG25	Yes	No	-52	0	0	0	0	1	0	0	0	0	0	0	1	1	0	0	0	0	0	0	0	0	0	0	0
15157	GART-NG25	No	No	0	12	0	0	0	1	0	0	0	0	0	0	1	1	0	0	0	0	0	0	0	0	0	0	0
15158	GART-G26	Yes	No	-104	-52	0	0	0	0	0	0	0	0	0	0	0	0	0	0	0	0	0	0	0	1	0	1	0
15158	GART-G26	Yes	No	-52	0	0	0	0	1	0	0	0	0	0	0	1	1	0	0	0	0	0	0	0	0	0	0	0
15158	GART-G26	No	No	0	12	0	1	0	0	0	0	0	0	1	0	1	0	0	0	0	0	1	0	0	0	0	0	0
15159	GART-G27	Yes	Yes	-104	-52	0	0	0	0	0	0	0	0	0	0	0	0	0	0	0	0	0	0	1	0	0	0	0
15159	GART-G27	Yes	No	-52	0	0	0	0	1	0	0	0	0	1	0	0	1	0	0	0	0	0	0	0	0	0	0	0
15159	GART-G27	No	No	0	12	0	0	0	0	0	1	0	0	0	0	0	0	0	0	0	1	0	0	0	0	0	0	0
15160	GART-NG28	Yes	No	-104	-52	0	0	0	0	0	0	0	0	0	0	0	0	0	0	0	0	0	0	0	1	0	1	0
15160	GART-NG28	Yes	No	-52	0	0	1	0	0	0	0	0	1	0	0	0	1	0	0	0	0	0	0	0	0	0	0	0
15160	GART-NG28	No	No	0	12	0	0	0	0	1	1	0	0	1	0	1	0	0	0	0	0	0	0	0	0	0	0	0
15161	GART-G29	Yes	No	-104	-52	0	0	0	0	0	0	0	0	0	0	0	0	0	0	0	0	0	0	0	1	0	1	0
15161	GART-G29	Yes	No	-52	0	0	1	0	0	0	0	0	1	0	0	0	1	0	0	0	0	0	0	0	0	0	0	0
15161	GART-G29	No	No	0	12	0	0	0	0	1	1	0	0	0	0	1	0	0	0	0	1	0	0	0	0	0	0	0
15162	GART-G30	Yes	No	-104	-52	0	0	0	0	0	0	0	0	0	0	0	0	0	0	0	0	0	0	0	1	0	1	0
15162	GART-G30	Yes	No	-52	0	0	1	0	0	0	0	0	1	0	0	0	1	0	0	0	0	0	0	0	0	0	0	0
15162	GART-G30	No	No	0	12	0	0	0	0	1	1	0	0	0	0	1	0	0	0	0	1	0	0	0	0	0	0	0
15163	GART-NG31	Yes	No	-104	-52	0	0	0	0	0	0	0	0	0	0	0	0	0	0	0	0	0	0	0	1	0	1	0
15163	GART-NG31	Yes	No	-52	0	0	0	0	1	0	0	0	0	0	0	1	1	0	0	0	0	0	0	0	0	0	0	0
15163	GART-NG31	No	No	0	12	0	1	0	0	0	0	0	0	1	0	0	1	0	0	0	0	0	0	0	0	0	0	0
15164	GART-NG32	Yes	No	-104	-52	0	0	0	0	0	0	0	0	0	0	0	0	0	0	0	0	0	0	0	1	0	1	0
15164	GART-NG32	Yes	No	-52	0	0	1	0	0	0	0	0	1	0	0	0	1	0	0	0	0	0	0	0	0	0	0	0
15164	GART-NG32	No	No	0	12	0	0	0	1	0	0	0	0	1	0	1	0	0	0	0	0	0	0	0	0	0	0	0
15165	GART-NG33	Yes	No	-104	-52	0	0	0	0	0	0	0	0	0	0	0	0	0	0	0	0	0	0	0	1	0	1	0
15165	GART-NG33	Yes	No	-52	0	0	1	0	0	0	0	0	1	0	0	0	1	0	0	0	0	0	0	0	0	0	0	0
15165	GART-NG33	No	No	0	12	0	0	0	1	0	0	0	0	0	0	1	1	0	0	0	0	0	0	0	0	0	0	0
15166	GART-G34	Yes	No	-104	-52	0	0	0	0	0	0	0	0	0	0	0	0	0	0	0	0	0	0	0	1	0	1	0
15166	GART-G34	Yes	No	-52	0	0	1	0	0	0	0	0	0	0	0	1	1	0	0	0	0	0	0	0	0	0	0	0
15166	GART-G34	No	No	0	12	0	0	0	0	1	1	0	1	0	0	0	1	0	0	0	1	0	0	0	0	0	0	0
15167	GART-NG35	Yes	No	-104	-52	0	0	0	0	0	0	0	0	0	0	0	0	0	0	0	0	0	0	0	1	0	1	0
15167	GART-NG35	Yes	No	-52	0	0	0	0	0	1	0	0	1	0	0	0	1	0	0	0	0	0	0	0	0	0	0	0
15167	GART-NG35	No	No	0	12	0	0	0	1	0	0	0	0	0	0	1	1	0	0	0	0	0	0	0	0	0	0	0
15168	GART-NG36	Yes	No	-104	-52	0	0	0	0	0	0	0	0	0	0	0	0	0	0	0	0	0	0	0	1	0	1	0
15168	GART-NG36	Yes	No	-52	0	0	0	0	1	0	0	0	0	0	0	1	1	0	0	0	0	0	0	0	0	0	0	0
15168	GART-NG36	No	No	0	12	0	1	0	0	0	0	0	0	1	0	0	0	0	0	0	1	0	0	0	0	0	0	0
15169	GART-G37	Yes	No	-104	-52	0	0	0	0	0	0	0	0	0	0	0	0	0	0	0	0	0	0	0	1	0	1	0
15169	GART-G37	Yes	No	-52	0	0	0	0	1	0	0	0	1	0	0	0	1	0	0	0	0	0	0	0	0	0	0	0
15169	GART-G37	No	No	0	12	0	1	0	0	0	0	0	0	0	0	1	0	0	0	0	0	0	1	0	0	0	0	0
15170	GART-NG38	Yes	No	-104	-52	0	0	0	0	0	0	0	0	0	0	0	0	0	0	0	0	0	0	0	1	0	1	0
15170	GART-NG38	Yes	No	-52	0	0	1	0	0	0	0	0	1	0	0	0	1	0	0	0	0	0	0	0	0	0	0	0
15170	GART-NG38	No	No	0	12	0	0	0	1	0	0	0	0	0	0	1	1	0	0	0	0	0	0	0	0	0	0	0
15171	GART-G39	Yes	No	-104	-52	0	0	0	0	0	0	0	0	0	0	0	0	0	0	0	0	0	0	0	1	0	1	0
15171	GART-G39	Yes	No	-52	0	0	0	0	0	0	1	0	0	0	0	1	1	0	0	0	0	0	0	0	0	0	0	0
15171	GART-G39	No	No	0	12	0	0	0	0	1	1	0	0	0	0	1	0	0	0	0	1	0	0	0	0	0	0	0
15172	GART-G40	Yes	No	-104	-52	0	0	0	0	0	0	0	0	0	0	0	0	0	0	0	0	0	0	0	1	0	1	0
15172	GART-G40	Yes	No	-52	0	0	1	0	0	0	0	0	1	0	0	0	1	0	0	0	0	0	0	0	0	0	0	0
15172	GART-G40	No	No	0	12	0	0	0	0	0	1	0	0	1	0	1	0	0	0	0	0	1	0	0	0	0	0	0
15173	GART-NG41	Yes	No	-104	-52	0	0	0	0	0	0	0	0	0	0	0	0	0	0	0	0	0	0	0	1	0	1	0
15173	GART-NG41	Yes	No	-52	0	0	0	0	1	0	0	0	1	0	0	0	1	0	0	0	0	0	0	0	0	0	0	0
15173	GART-NG41	No	No	0	12	0	1	0	0	0	0	0	0	1	0	1	0	0	0	0	0	1	0	0	0	0	0	0
15174	GART-NG42	Yes	No	-104	-52	0	0	0	0	0	0	0	0	0	0	0	0	0	0	0	0	0	0	0	1	0	1	0
15174	GART-NG42	Yes	No	-52	0	0	1	0	0	0	0	0	1	0	0	0	1	0	0	0	0	0	0	0	0	0	0	0
15174	GART-NG42	No	No	0	12	0	1	0	0	0	0	0	0	1	0	1	0	0	0	0	0	1	0	0	0	0	0	0
15175	GART-NG43	Yes	No	-104	-52	0	0	0	0	0	0	0	0	0	0	0	0	0	0	0	0	0	0	0	1	0	1	0
15175	GART-NG43	Yes	No	-52	0	0	0	0	0	0	1	0	0	0	0	1	1	0	0	0	0	0	0	0	0	0	0	0
15175	GART-NG43	No	No	0	12	0	1	0	0	0	0	0	1	0	0	0	1	0	0	0	0	0	0	0	0	0	0	0
15176	GART-G44	Yes	No	-104	-52	0	0	0	0	0	0	0	0	0	0	0	0	0	0	0	0	0	0	0	1	0	1	0
15176	GART-G44	Yes	No	-52	0	0	1	0	0	0	0	0	1	0	0	0	1	0	0	0	0	0	0	0	0	0	0	0
15176	GART-G44	No	No	0	12	0	0	0	1	0	1	0	0	0	0	1	1	0	0	0	0	0	0	0	0	0	0	0
15177	GART-NG45	Yes	No	-104	-52	0	0	0	0	0	0	0	0	0	0	0	0	0	0	0	0	0	0	0	1	0	1	0
15177	GART-NG45	Yes	No	-52	0	0	1	0	0	0	0	0	1	0	0	0	1	0	0	0	0	0	0	0	0	0	0	0
15177	GART-NG45	No	No	0	12	0	0	0	1	0	0	0	0	0	0	0	1	0	0	0	1	0	0	0	0	0	0	0
15178	GART-NG46	Yes	No	-104	-52	0	0	0	0	0	0	0	0	0	0	0	0	0	0	0	0	0	0	0	1	0	1	0
15178	GART-NG46	Yes	No	-52	0	0	1	0	0	0	0	0	0	0	0	1	1	0	0	0	0	0	0	0	0	0	0	0
15178	GART-NG46	No	No	0	12	0	0	0	0	1	1	0	0	0	0	0	1	0	0	0	1	0	0	0	0	0	0	0
15179	GART-NG47	Yes	No	-104	-52	0	0	0	0	0	0	0	0	0	0	0	0	0	0	0	0	0	0	0	1	0	1	0
15179	GART-NG47	Yes	No	-52	0	0	0	0	1	0	0	0	0	0	0	1	1	0	0	0	0	0	0	0	0	0	0	0
15179	GART-NG47	No	No	0	12	0	0	0	0	1	1	0	0	0	0	0	1	0	0	0	1	0	0	0	0	0	0	0
15180	GART-G48	Yes	No	-104	-52	0	0	0	0	0	0	0	0	0	0	0	0	0	0	0	0	0	0	0	1	0	1	0
15180	GART-G48	Yes	No	-52	0	0	1	0	0	0	0	0	1	0	0	0	1	0	0	0	0	0	0	0	0	0	0	0
15180	GART-G48	No	No	0	12	0	0	0	0	0	0	0	0	1	0	1	0	0	0	0	1	0	0	0	0	0	0	0
15181	GART-NG49	Yes	Yes	-104	-52	0	0	0	0	0	0	0	0	0	0	0	0	0	0	0	0	0	0	1	0	0	0	0
15181	GART-NG49	Yes	No	-52	0	0	0	0	1	0	0	0	1	1	0	0	0	0	0	0	0	0	0	0	0	0	0	0
15181	GART-NG49	No	No	0	12	0	0	0	0	1	1	0	0	0	0	1	1	0	0	0	0	0	0	0	0	0	0	0
15182	GART-G50	Yes	No	-104	-52	0	0	0	0	0	0	0	0	0	0	0	0	0	0	0	0	0	0	0	1	0	1	0
15182	GART-G50	Yes	No	-52	0	0	1	0	0	0	0	0	0	0	0	1	1	0	0	0	0	0	0	0	0	0	0	0
15182	GART-G50	No	No	0	12	0	0	0	1	0	0	0	0	0	0	1	0	0	0	0	1	0	0	0	0	0	0	0
15183	GART-NG51	Yes	No	-104	-52	0	0	0	0	0	0	0	0	0	0	0	0	0	0	0	0	0	0	0	1	0	1	0
15183	GART-NG51	Yes	No	-52	0	0	1	0	0	0	0	0	1	0	1	0	0	0	0	0	0	0	0	0	0	0	0	0
15183	GART-NG51	No	No	0	12	0	0	0	1	0	0	0	0	0	0	1	1	0	0	0	0	0	0	0	0	0	0	0
15184	GART-G52	Yes	No	-104	-52	0	0	0	0	0	0	0	0	0	0	0	0	0	0	0	0	0	0	0	1	0	1	0
15184	GART-G52	Yes	No	-52	0	0	1	0	0	0	0	0	1	0	0	0	1	0	0	0	0	0	0	0	0	0	0	0
15184	GART-G52	No	No	0	12	0	0	0	0	0	0	0	0	0	0	0	0	0	0	0	0	0	0	0	0	0	0	0
15185	GART-NG53	Yes	No	-104	-52	0	0	0	0	0	0	0	0	0	0	0	0	0	0	0	0	0	0	0	1	0	1	0
15185	GART-NG53	Yes	No	-52	0	0	1	0	0	0	0	0	1	0	0	0	1	0	0	0	0	0	0	0	0	0	0	0
15185	GART-NG53	No	No	0	12	0	0	0	1	0	1	0	0	0	0	1	0	0	0	0	1	0	0	0	0	0	0	0
15186	GART-NG54	Yes	No	-104	-52	0	0	0	0	0	0	0	0	0	0	0	0	0	0	0	0	0	0	0	1	0	1	0
15186	GART-NG54	Yes	No	-52	0	0	0	0	0	0	1	0	1	0	0	0	1	0	0	0	0	0	0	0	0	0	0	0
15186	GART-NG54	No	No	0	12	0	0	0	1	0	0	0	0	1	0	1	0	0	0	0	0	0	0	0	0	0	0	0
15187	GART-NG55	Yes	No	-104	-52	0	0	0	0	0	0	0	0	0	0	0	0	0	0	0	0	0	0	0	1	0	1	0
15187	GART-NG55	Yes	No	-52	0	0	1	0	0	0	0	0	0	0	0	1	1	0	0	0	0	0	0	0	0	0	0	0
15187	GART-NG55	No	No	0	12	0	0	0	1	0	0	0	0	0	0	1	0	0	0	0	1	0	0	0	0	0	0	0
15188	GART-NG56	Yes	No	-104	-52	0	0	0	0	0	0	0	0	0	0	0	0	0	0	0	0	0	0	0	1	0	1	0
15188	GART-NG56	Yes	No	-52	0	0	0	0	0	1	0	0	0	1	0	1	0	0	0	0	0	0	0	0	0	0	0	0
15188	GART-NG56	No	No	0	12	0	1	0	0	0	0	0	0	1	0	0	0	0	0	0	0	0	1	0	0	0	0	0
15189	GART-NG57	Yes	No	-104	-52	0	0	0	0	0	0	0	0	0	0	0	0	0	0	0	0	0	0	0	1	0	1	0
15189	GART-NG57	Yes	No	-52	0	0	0	0	1	0	0	0	0	0	0	1	1	0	0	0	0	0	0	0	0	0	0	0
15189	GART-NG57	No	No	0	12	0	0	0	0	1	1	0	0	1	0	1	0	0	0	0	0	0	0	0	0	0	0	0
15190	GART-NG58	Yes	No	-104	-52	0	0	0	0	0	0	0	0	0	0	0	0	0	0	0	0	0	0	0	1	0	1	0
15190	GART-NG58	Yes	No	-52	0	0	1	0	0	0	0	0	0	1	0	1	0	0	0	0	0	0	0	0	0	0	0	0
15190	GART-NG58	No	No	0	11	0	0	0	1	0	0	0	0	0	0	1	0	0	0	0	0	0	1	0	0	0	0	0
15191	GART-NG59	Yes	No	-104	-52	0	0	0	0	0	0	0	0	0	0	0	0	0	0	0	0	0	0	0	1	0	1	0
15191	GART-NG59	Yes	No	-52	0	0	0	0	1	0	0	0	0	0	0	1	1	0	0	0	0	0	0	0	0	0	0	0
15191	GART-NG59	No	No	0	12	0	1	0	0	0	0	0	0	0	1	0	0	0	0	0	1	0	0	0	0	0	0	0
15192	GART-G60	Yes	No	-104	-52	0	0	0	0	0	0	0	0	0	0	0	0	0	0	0	0	0	0	0	1	0	1	0
15192	GART-G60	Yes	No	-52	0	0	1	0	0	0	0	0	1	0	0	0	1	0	0	0	0	0	0	0	0	0	0	0
15192	GART-G60	No	No	0	12	0	0	0	1	0	1	0	0	0	0	1	0	0	0	0	1	0	0	0	0	0	0	0
15193	GART-NG61	Yes	No	-104	-52	0	0	0	0	0	0	0	0	0	0	0	0	0	0	0	0	0	0	0	1	0	1	0
15193	GART-NG61	Yes	No	-52	0	0	1	0	0	0	0	0	1	0	0	0	1	0	0	0	0	0	0	0	0	0	0	0
15193	GART-NG61	No	No	0	12	0	0	0	1	0	0	0	0	1	0	1	0	0	0	0	1	0	0	0	0	0	0	0
15194	GART-G62	Yes	No	-104	-52	0	0	0	0	0	0	0	0	0	0	0	0	0	0	0	0	0	0	0	1	0	1	0
15194	GART-G62	Yes	No	-52	0	0	1	0	0	0	0	0	1	0	0	0	1	0	0	0	0	0	0	0	0	0	0	0
15194	GART-G62	No	No	0	12	0	0	0	0	1	1	0	0	0	0	1	0	0	0	0	1	0	0	0	0	0	0	0
15195	GART-G63	Yes	No	-104	-52	0	0	0	0	0	0	0	0	0	0	0	0	0	0	0	0	0	0	0	1	0	1	0
15195	GART-G63	Yes	No	-52	0	0	0	0	0	0	1	0	1	0	0	0	1	0	0	0	0	0	0	0	0	0	0	0
15195	GART-G63	No	No	0	12	0	0	0	0	1	0	0	0	0	0	1	0	0	0	0	1	0	0	0	0	0	0	0
15196	GART-G64	Yes	No	-104	-52	0	0	0	0	0	0	0	0	0	0	0	0	0	0	0	0	0	0	0	1	0	1	0
15196	GART-G64	Yes	No	-52	0	0	0	0	1	0	0	0	0	1	0	0	1	0	0	0	0	0	0	0	0	0	0	0
15196	GART-G64	No	No	0	12	0	0	0	1	0	1	0	0	1	0	0	0	0	0	0	1	0	0	0	0	0	0	0
15197	GART-NG65	Yes	No	-104	-52	0	0	0	0	0	0	0	0	0	0	0	0	0	0	0	0	0	0	0	1	0	1	0
15197	GART-NG65	Yes	No	-52	0	0	0	0	1	0	0	0	0	1	0	1	0	0	0	0	0	0	0	0	0	0	0	0
15197	GART-NG65	No	No	0	12	0	1	0	0	0	0	0	0	0	1	0	0	0	0	0	1	0	0	0	0	0	0	0
15198	GART-G66	Yes	No	-104	-52	0	0	0	0	0	0	0	0	0	0	0	0	0	0	0	0	0	0	0	1	0	1	0
15198	GART-G66	Yes	No	-52	0	0	1	0	0	0	0	0	1	0	0	0	1	0	0	0	0	0	0	0	0	0	0	0
15198	GART-G66	No	No	0	12	0	0	0	0	1	1	0	0	0	0	1	0	0	0	0	1	0	0	0	0	0	0	0
15199	GART-G67	Yes	No	-104	-52	0	0	0	0	0	0	0	0	0	0	0	0	0	0	0	0	0	0	0	1	0	1	0
15199	GART-G67	Yes	No	-52	0	0	0	0	0	1	0	0	1	0	0	0	1	0	0	0	0	0	0	0	0	0	0	0
15199	GART-G67	No	No	0	12	0	0	0	0	1	0	0	0	0	0	1	0	0	0	0	1	0	0	0	0	0	0	0
15200	GART-NG68	Yes	No	-104	-52	0	0	0	0	0	0	0	0	0	0	0	0	0	0	0	0	0	0	0	1	0	1	0
15200	GART-NG68	Yes	No	-52	0	0	0	0	0	1	0	0	1	0	0	0	1	0	0	0	0	0	0	0	0	0	0	0
15200	GART-NG68	No	No	0	12	0	0	0	1	0	0	0	0	0	0	1	1	0	0	0	1	0	0	0	0	0	0	0
15201	GART-NG69	Yes	No	-104	-52	0	0	0	0	0	0	0	0	0	0	0	0	0	0	0	0	0	0	0	1	0	1	0
15201	GART-NG69	Yes	No	-52	0	0	1	0	0	0	0	0	1	0	0	0	1	0	0	0	0	0	0	0	0	0	0	0
15201	GART-NG69	No	No	0	12	0	0	0	0	0	1	0	0	1	0	1	0	0	0	0	0	0	0	0	0	0	0	0
15202	GART-NG70	Yes	No	-104	-52	0	0	0	0	0	0	0	0	0	0	0	0	0	0	0	0	0	0	0	1	0	1	0
15202	GART-NG70	Yes	No	-52	0	0	1	0	0	0	0	0	1	0	0	0	1	0	0	0	0	0	0	0	0	0	0	0
15202	GART-NG70	No	No	0	12	0	0	0	1	0	1	0	0	1	0	0	0	0	0	0	0	0	0	0	0	0	0	0
15203	GART-NG71	Yes	No	-104	-52	0	0	0	0	0	0	0	0	0	0	0	0	0	0	0	0	0	0	0	1	0	1	0
15203	GART-NG71	Yes	No	-52	0	0	1	0	0	0	0	0	1	0	0	0	1	0	0	0	0	0	0	0	0	0	0	0
15203	GART-NG71	No	No	0	12	0	0	0	0	1	1	0	0	0	0	1	1	0	0	0	0	0	0	0	0	0	0	0
15204	GART-NG72	Yes	No	-104	-52	0	0	0	0	0	0	0	0	0	0	0	0	0	0	0	0	0	0	0	1	0	1	0
15204	GART-NG72	Yes	No	-52	0	0	1	0	0	0	0	0	1	0	0	0	1	0	0	0	0	0	0	0	0	0	0	0
15204	GART-NG72	No	No	0	12	0	0	0	1	0	0	0	0	1	0	1	0	0	0	0	0	0	0	0	0	0	0	0
15205	GART-G73	Yes	No	-104	-52	0	0	0	0	0	0	0	0	0	0	0	0	0	0	0	0	0	0	0	1	0	1	0
15205	GART-G73	Yes	No	-52	0	0	1	0	0	0	0	0	0	0	0	1	1	0	0	0	0	0	0	0	0	0	0	0
15205	GART-G73	No	No	0	12	0	0	0	0	1	1	0	0	0	0	1	0	0	0	0	1	0	0	0	0	0	0	0
15206	GART-NG74	Yes	No	-104	-52	0	0	0	0	0	0	0	0	0	0	0	0	0	0	0	0	0	0	0	1	0	1	0
15206	GART-NG74	Yes	No	-52	0	0	1	0	0	0	0	0	0	0	0	1	1	0	0	0	0	0	0	0	0	0	0	0
15206	GART-NG74	No	No	0	12	0	0	0	1	0	0	0	1	0	0	0	1	0	0	0	0	0	0	0	0	0	0	0
15207	GART-G75	Yes	No	-104	-52	0	0	0	0	0	0	0	0	0	0	0	0	0	0	0	0	0	0	0	1	0	1	0
15207	GART-G75	Yes	No	-52	0	0	1	0	0	0	0	0	0	0	0	1	1	0	0	0	0	0	0	0	0	0	0	0
15207	GART-G75	No	No	0	12	0	0	0	0	1	1	0	0	0	0	1	0	0	0	0	1	0	0	0	0	0	0	0
15208	GART-G76	Yes	No	-104	-52	0	0	0	0	0	0	0	0	0	0	0	0	0	0	0	0	0	0	0	1	0	1	0
15208	GART-G76	Yes	No	-52	0	0	0	0	0	0	1	0	1	0	0	0	1	0	0	0	0	0	0	0	0	0	0	0
15208	GART-G76	No	No	0	12	0	0	0	1	0	0	0	0	0	0	1	1	0	0	0	0	0	0	0	0	0	0	0
15209	GART-NG77	Yes	No	-104	-52	0	0	0	0	0	0	0	0	0	0	0	0	0	0	0	0	0	0	0	1	0	1	0
15209	GART-NG77	Yes	No	-52	0	0	0	0	0	0	1	0	1	0	0	0	1	0	0	0	0	0	0	0	0	0	0	0
15209	GART-NG77	No	No	0	12	0	0	0	1	0	0	0	0	0	0	1	1	0	0	0	0	0	0	0	0	0	0	0
15210	GART-NG78	Yes	No	-104	-52	0	0	0	0	0	0	0	0	0	0	0	0	0	0	0	0	0	0	0	1	0	1	0
15210	GART-NG78	Yes	No	-52	0	0	0	0	1	0	0	0	1	0	0	0	1	0	0	0	0	0	0	0	0	0	0	0
15210	GART-NG78	No	No	0	12	0	1	0	0	0	0	0	0	1	0	1	0	0	0	0	0	0	0	0	0	0	0	0
15211	GART-NG79	Yes	No	-104	-52	0	0	0	0	0	0	0	0	0	0	0	0	0	0	0	0	0	0	0	1	0	1	0
15211	GART-NG79	Yes	No	-52	0	0	0	0	1	0	0	0	0	0	0	1	1	0	0	0	0	0	0	0	0	0	0	0
15211	GART-NG79	No	No	0	12	0	0	0	0	1	1	0	1	0	0	0	1	0	0	0	0	0	0	0	0	0	0	0
15212	GART-G80	Yes	No	-104	-52	0	0	0	0	0	0	0	0	0	0	0	0	0	0	0	0	0	0	0	1	0	1	0
15212	GART-G80	Yes	No	-52	0	0	1	0	0	0	0	0	1	0	0	0	1	0	0	0	0	0	0	0	0	0	0	0
15212	GART-G80	No	No	0	12	0	0	0	0	1	1	0	0	0	0	1	0	0	0	0	1	0	0	0	0	0	0	0
15213	GART-NG81	Yes	No	-104	-52	0	0	0	0	0	0	0	0	0	0	0	0	0	0	0	0	0	0	0	1	0	1	0
15213	GART-NG81	Yes	No	-52	0	0	1	0	0	0	0	0	0	1	0	1	0	0	0	0	0	0	0	0	0	0	0	0
15213	GART-NG81	No	No	0	12	0	0	0	1	0	0	0	0	0	1	0	0	0	0	0	1	0	0	0	0	0	0	0
15214	GART-G82	Yes	Yes	-104	-52	0	0	0	0	0	0	0	0	0	0	0	0	0	0	0	0	0	0	1	0	0	0	0
15214	GART-G82	Yes	No	-52	0	0	0	0	1	0	0	0	1	0	0	0	1	0	0	0	0	0	0	0	0	0	0	0
15214	GART-G82	No	No	0	12	0	0	0	1	0	0	0	1	0	0	0	1	0	0	0	0	0	0	0	0	0	0	0
15215	GART-G83	Yes	Yes	-156	-104	0	0	0	0	0	0	0	0	0	0	0	0	0	0	0	0	0	0	1	0	0	0	0
15215	GART-G83	Yes	No	-104	-52	0	0	0	0	0	0	0	0	0	0	0	0	0	0	0	0	0	0	0	1	0	1	0
15215	GART-G83	Yes	No	-52	0	0	0	0	1	0	0	0	1	0	0	0	1	0	0	0	0	0	0	0	0	0	0	0
15215	GART-G83	No	No	0	12	0	0	0	0	0	1	0	0	0	0	1	1	0	0	0	0	0	0	0	0	0	0	0
15216	GART-NG84	Yes	No	-104	-52	0	0	0	0	0	0	0	0	0	0	0	0	0	0	0	0	0	0	0	1	0	1	0
15216	GART-NG84	Yes	No	-52	0	0	1	0	0	0	0	0	1	0	0	0	1	0	0	0	0	0	0	0	0	0	0	0
15216	GART-NG84	No	No	0	12	0	0	0	1	0	0	0	0	1	0	1	0	0	0	0	0	0	0	0	0	0	0	0
15217	GART-NG85	Yes	No	-104	-52	0	0	0	0	0	0	0	0	0	0	0	0	0	0	0	0	0	0	0	1	0	1	0
15217	GART-NG85	Yes	No	-52	0	0	1	0	0	0	0	0	0	0	0	1	1	0	0	0	0	0	0	0	0	0	0	0
15217	GART-NG85	No	No	0	12	0	0	0	1	0	1	0	0	0	0	0	0	0	0	0	0	1	0	0	0	0	0	0
15218	GART-G86	Yes	No	-104	-52	0	0	0	0	0	0	0	0	0	0	0	0	0	0	0	0	0	0	0	1	0	1	0
15218	GART-G86	Yes	No	-52	0	0	1	0	0	0	0	0	0	0	0	1	1	0	0	0	0	0	0	0	0	0	0	0
15218	GART-G86	No	No	0	12	0	0	0	1	0	1	0	0	1	0	0	0	0	0	0	0	0	0	0	0	0	0	0
15219	GART-G87	Yes	No	-104	-52	0	0	0	0	0	0	0	0	0	0	0	0	0	0	0	0	0	0	0	1	0	1	0
15219	GART-G87	Yes	No	-52	0	0	1	0	0	0	0	0	1	0	0	0	1	0	0	0	0	0	0	0	0	0	0	0
15219	GART-G87	No	No	0	12	0	0	0	1	0	0	0	0	0	0	1	0	0	0	0	0	1	0	0	0	0	0	0
15220	GART-G88	Yes	No	-104	-52	0	0	0	0	0	0	0	0	0	0	0	0	0	0	0	0	0	0	0	1	0	1	0
15220	GART-G88	Yes	No	-52	0	0	1	0	0	0	0	0	1	0	0	0	1	0	0	0	0	0	0	0	0	0	0	0
15220	GART-G88	No	No	0	12	0	0	0	1	0	0	0	0	1	0	1	0	0	0	0	0	0	0	0	0	0	0	0
15221	GART-NG89	Yes	No	-104	-52	0	0	0	0	0	0	0	0	0	0	0	0	0	0	0	0	0	0	0	1	0	1	0
15221	GART-NG89	Yes	No	-52	0	0	1	0	0	0	0	0	1	0	0	0	1	0	0	0	0	0	0	0	0	0	0	0
15221	GART-NG89	No	No	0	12	0	0	0	1	0	1	0	0	0	0	1	0	0	0	0	1	0	0	0	0	0	0	0
15222	GART-G90	Yes	No	-104	-52	0	0	0	0	0	0	0	0	0	0	0	0	0	0	0	0	0	0	0	1	0	1	0
15222	GART-G90	Yes	No	-52	0	0	0	0	0	0	1	0	1	0	0	0	1	0	0	0	0	0	0	0	0	0	0	0
15222	GART-G90	No	No	0	12	0	0	0	0	1	1	0	0	0	0	0	0	0	0	0	1	0	0	0	0	0	0	0
15223	GART-G91	Yes	No	-104	-52	0	0	0	0	0	0	0	0	0	0	0	0	0	0	0	0	0	0	0	1	0	1	0
15223	GART-G91	Yes	No	-52	0	0	0	0	1	0	0	0	0	0	0	1	1	0	0	0	0	0	0	0	0	0	0	0
15223	GART-G91	No	No	0	12	0	0	0	0	1	1	0	0	0	0	0	0	0	0	0	1	0	0	0	0	0	0	0
15224	GART-G92	Yes	No	-104	-52	0	0	0	0	0	0	0	0	0	0	0	0	0	0	0	0	0	0	0	1	0	1	0
15224	GART-G92	Yes	No	-52	0	0	0	0	1	0	0	0	1	0	0	0	1	0	0	0	0	0	0	0	0	0	0	0
15224	GART-G92	No	No	0	12	0	0	0	0	1	1	0	0	1	0	1	0	0	0	0	0	0	0	0	0	0	0	0
15225	GART-G93	Yes	No	-104	-52	0	0	0	0	0	0	0	0	0	0	0	0	0	0	0	0	0	0	0	1	0	1	0
15225	GART-G93	Yes	No	-52	0	0	0	0	1	0	0	0	0	0	0	1	1	0	0	0	0	0	0	0	0	0	0	0
15225	GART-G93	No	No	0	12	0	0	0	0	1	1	0	0	0	0	0	0	0	0	0	0	0	1	0	0	0	0	0
15226	GART-G94	Yes	No	-104	-52	0	0	0	0	0	0	0	0	0	0	0	0	0	0	0	0	0	0	0	1	0	1	0
15226	GART-G94	Yes	No	-52	0	0	1	0	0	0	0	0	0	0	0	1	1	0	0	0	0	0	0	0	0	0	0	0
15226	GART-G94	No	No	0	12	0	0	0	1	0	0	0	0	1	0	1	0	0	0	0	1	0	0	0	0	0	0	0
15227	GART-NG95	Yes	Yes	-104	-52	0	0	0	0	0	0	0	0	0	0	0	0	0	0	0	0	0	0	1	0	0	0	0
15227	GART-NG95	Yes	No	-52	0	0	1	0	0	0	0	0	0	0	0	1	1	0	0	0	0	0	0	0	0	0	0	0
15227	GART-NG95	No	No	0	12	0	0	0	0	1	0	0	0	1	0	0	0	0	0	0	1	0	0	0	0	0	0	0
15228	GART-NG96	Yes	No	-104	-52	0	0	0	0	0	0	0	0	0	0	0	0	0	0	0	0	0	0	0	1	0	1	0
15228	GART-NG96	Yes	No	-52	0	0	1	0	0	0	0	0	1	0	0	0	1	0	0	0	0	0	0	0	0	0	0	0
15228	GART-NG96	No	No	0	12	0	0	0	0	0	0	0	0	1	0	1	0	0	0	0	1	0	0	0	0	0	0	0
15229	GART-G97	Yes	No	-104	-52	0	0	0	0	0	0	0	0	0	0	0	0	0	0	0	0	0	0	0	1	0	1	0
15229	GART-G97	Yes	No	-52	0	0	1	0	0	0	0	0	1	0	0	0	1	0	0	0	0	0	0	0	0	0	0	0
15229	GART-G97	No	No	0	12	0	0	0	0	1	1	0	0	1	0	0	0	0	0	0	0	0	0	0	0	0	0	0
15230	GART-NG98	Yes	No	-104	-52	0	0	0	0	0	0	0	0	0	0	0	0	0	0	0	0	0	0	0	1	0	1	0
15230	GART-NG98	Yes	No	-52	0	0	1	0	0	0	0	0	0	0	0	1	1	0	0	0	0	0	0	0	0	0	0	0
15230	GART-NG98	No	No	0	12	0	0	0	1	0	0	0	0	1	0	1	0	0	0	0	1	0	0	0	0	0	0	0
15231	GART-NG99	Yes	No	-104	-52	0	0	0	0	0	0	0	0	0	0	0	0	0	0	0	0	0	0	0	1	0	1	0
15231	GART-NG99	Yes	No	-52	0	0	0	0	1	0	0	0	0	0	0	1	1	0	0	0	0	0	0	0	0	0	0	0
15231	GART-NG99	No	No	0	12	0	1	0	0	0	0	0	0	1	0	1	0	0	0	0	1	0	0	0	0	0	0	0
15232	GART-G100	Yes	No	-104	-52	0	0	0	0	0	0	0	0	0	0	0	0	0	0	0	0	0	0	0	1	0	1	0
15232	GART-G100	Yes	No	-52	0	0	0	0	1	0	0	0	1	0	0	0	1	0	0	0	0	0	0	0	0	0	0	0
15232	GART-G100	No	No	0	12	0	0	0	0	1	1	0	0	0	0	1	0	0	0	0	1	0	0	0	0	0	0	0
15233	GART-NG101	Yes	No	-104	-52	0	0	0	0	0	0	0	0	0	0	0	0	0	0	0	0	0	0	0	1	0	1	0
15233	GART-NG101	Yes	No	-52	0	0	0	0	1	0	0	0	0	0	0	1	1	0	0	0	0	0	0	0	0	0	0	0
15233	GART-NG101	No	No	0	12	0	0	0	0	1	1	0	0	0	0	0	0	0	0	0	1	0	0	0	0	0	0	0
15234	GART-G102	Yes	Yes	-104	-52	0	0	0	0	0	0	0	0	0	0	0	0	0	0	0	0	0	0	1	0	0	0	0
15234	GART-G102	Yes	No	-52	0	0	1	0	0	0	0	0	1	0	0	0	1	0	0	0	0	0	0	0	0	0	0	0
15234	GART-G102	No	No	0	12	0	0	0	0	0	0	0	0	1	0	1	0	0	0	0	1	0	0	0	0	0	0	0
15235	GART-G103	Yes	No	-104	-52	0	0	0	0	0	0	0	0	0	0	0	0	0	0	0	0	0	0	0	1	0	1	0
15235	GART-G103	Yes	No	-52	0	0	0	0	1	0	0	0	0	1	0	1	0	0	0	0	0	0	0	0	0	0	0	0
15235	GART-G103	No	No	0	12	0	0	0	0	1	1	0	0	1	0	1	0	0	0	0	0	0	0	0	0	0	0	0
15236	GART-NG104	Yes	No	-104	-52	0	0	0	0	0	0	0	0	0	0	0	0	0	0	0	0	0	0	0	1	0	1	0
15236	GART-NG104	Yes	No	-52	0	0	0	0	1	0	0	0	0	1	0	1	0	0	0	0	0	0	0	0	0	0	0	0
15236	GART-NG104	No	No	0	12	0	0	0	0	1	1	0	0	1	0	1	0	0	0	0	0	0	0	0	0	0	0	0
15237	GART-G105	Yes	No	-104	-52	0	0	0	0	0	0	0	0	0	0	0	0	0	0	0	0	0	0	0	1	0	1	0
15237	GART-G105	Yes	No	-52	0	0	0	0	1	0	0	0	0	1	0	1	0	0	0	0	0	0	0	0	0	0	0	0
15237	GART-G105	No	No	0	12	0	0	0	0	0	0	0	0	1	0	1	1	0	0	0	1	0	0	0	0	0	0	0
15238	GART-NG106	Yes	No	-104	-52	0	0	0	0	0	0	0	0	0	0	0	0	0	0	0	0	0	0	0	1	0	1	0
15238	GART-NG106	Yes	No	-52	0	0	0	0	1	0	0	0	0	1	0	1	0	0	0	0	0	0	0	0	0	0	0	0
15238	GART-NG106	No	No	0	12	0	1	0	0	0	0	0	0	1	0	0	0	0	0	0	1	0	0	0	0	0	0	0
15239	GART-G107	Yes	No	-104	-52	0	0	0	0	0	0	0	0	0	0	0	0	0	0	0	0	0	0	0	1	0	1	0
15239	GART-G107	Yes	No	-52	0	0	1	0	0	0	0	0	0	0	0	1	1	0	0	0	0	0	0	0	0	0	0	0
15239	GART-G107	No	No	0	12	0	0	0	1	0	1	0	0	1	0	0	0	0	0	0	1	0	0	0	0	0	0	0
15240	GART-G108	Yes	No	-104	-52	0	0	0	0	0	0	0	0	0	0	0	0	0	0	0	0	0	0	0	1	0	1	0
15240	GART-G108	Yes	No	-52	0	0	1	0	0	0	0	0	0	0	0	1	1	0	0	0	0	0	0	0	0	0	0	0
15240	GART-G108	No	No	0	12	0	0	0	0	0	0	0	0	1	0	1	0	0	0	0	1	0	0	0	0	0	0	0
15241	GART-NG109	Yes	No	-104	-52	0	0	0	0	0	0	0	0	0	0	0	0	0	0	0	0	0	0	0	1	0	1	0
15241	GART-NG109	Yes	No	-52	0	0	1	0	0	0	0	0	0	0	0	1	1	0	0	0	0	0	0	0	0	0	0	0
15241	GART-NG109	No	No	0	12	0	0	0	1	0	0	0	0	1	0	1	0	0	0	0	1	0	0	0	0	0	0	0
15242	GART-G110	Yes	No	-104	-52	0	0	0	0	0	0	0	0	0	0	0	0	0	0	0	0	0	0	0	1	0	1	0
15242	GART-G110	Yes	No	-52	0	0	1	0	0	0	0	0	0	0	0	1	1	0	0	0	0	0	0	0	0	0	0	0
15242	GART-G110	No	No	0	12	0	0	0	1	0	0	0	1	0	0	0	1	0	0	0	1	0	0	0	0	0	0	0
15243	GART-NG111	Yes	Yes	-104	-52	0	0	0	0	0	0	0	0	0	0	0	0	0	0	0	0	0	0	1	0	0	0	0
15243	GART-NG111	Yes	No	-52	0	0	0	0	0	0	1	0	1	0	0	0	1	0	0	0	0	0	0	0	0	0	0	0
15243	GART-NG111	No	No	0	12	0	0	0	1	0	0	0	1	0	0	1	0	0	0	0	0	0	0	0	0	0	0	0
15244	GART-G112	Yes	No	-104	-52	0	0	0	0	0	0	0	0	0	0	0	0	0	0	0	0	0	0	0	1	0	1	0
15244	GART-G112	Yes	No	-52	0	0	1	0	0	0	0	0	1	0	0	0	1	0	0	0	0	0	0	0	0	0	0	0
15244	GART-G112	No	No	0	12	0	0	0	1	0	0	0	0	1	0	1	0	0	0	0	1	0	0	0	0	0	0	0
15245	GART-NG113	Yes	No	-104	-52	0	0	0	0	0	0	0	0	0	0	0	0	0	0	0	0	0	0	0	1	0	1	0
15245	GART-NG113	Yes	No	-52	0	0	1	0	0	0	0	0	0	0	0	1	1	0	0	0	0	0	0	0	0	0	0	0
15245	GART-NG113	No	No	0	12	0	0	0	1	0	0	0	0	1	0	1	0	0	0	0	1	0	0	0	0	0	0	0
15246	GART-G114	Yes	Yes	-104	-52	0	0	0	0	0	0	0	0	0	0	0	0	0	0	0	0	0	0	1	0	0	0	0
15246	GART-G114	Yes	No	-52	0	0	0	0	1	0	0	0	0	1	0	1	0	0	0	0	0	0	0	0	0	0	0	0
15246	GART-G114	No	No	0	12	0	1	0	0	0	0	0	0	1	0	0	0	0	0	0	1	0	0	0	0	0	0	0
15247	GART-NG115	Yes	No	-104	-52	0	0	0	0	0	0	0	0	0	0	0	0	0	0	0	0	0	0	0	1	0	1	0
15247	GART-NG115	Yes	No	-52	0	0	1	0	0	0	0	0	0	0	0	1	1	0	0	0	0	0	0	0	0	0	0	0
15247	GART-NG115	No	No	0	12	0	0	0	1	0	0	0	0	1	0	1	0	0	0	0	1	0	0	0	0	0	0	0
15248	GART-G116	Yes	No	-104	-52	0	0	0	0	0	0	0	0	0	0	0	0	0	0	0	0	0	0	0	1	0	1	0
15248	GART-G116	Yes	No	-52	0	0	0	0	1	0	0	0	0	0	0	1	1	0	0	0	0	0	0	0	0	0	0	0
15248	GART-G116	No	No	0	12	0	0	0	0	1	1	0	0	0	0	1	0	0	0	0	1	0	0	0	0	0	0	0
15249	GART-NG117	Yes	Yes	-104	-52	0	0	0	0	0	0	0	0	0	0	0	0	0	0	0	0	0	0	1	0	0	0	0
15249	GART-NG117	Yes	No	-52	0	0	1	0	0	0	0	0	0	1	0	1	0	0	0	0	0	0	0	0	0	0	0	0
15249	GART-NG117	No	No	0	12	0	0	0	1	0	0	0	0	1	0	0	0	0	0	0	1	0	0	0	0	0	0	0
15250	GART-NG118	Yes	Yes	-104	-52	0	0	0	0	0	0	0	0	0	0	0	0	0	0	0	0	0	0	1	0	0	0	0
15250	GART-NG118	Yes	No	-52	0	0	0	0	1	0	0	0	0	1	0	0	1	0	0	0	0	0	0	0	0	0	0	0
15250	GART-NG118	No	No	0	12	0	0	0	0	1	1	0	1	1	0	0	0	0	0	0	0	0	0	0	0	0	0	0
15251	GART-NG119	Yes	No	-104	-52	0	0	0	0	0	0	0	0	0	0	0	0	0	0	0	0	0	0	0	1	0	1	0
15251	GART-NG119	Yes	No	-52	0	0	0	0	1	0	0	0	1	0	1	0	0	0	0	0	0	0	0	0	0	0	0	0
15251	GART-NG119	No	No	0	12	0	0	0	0	1	1	0	0	1	0	1	0	0	0	0	1	0	0	0	0	0	0	0
15252	GART-G120	Yes	No	-104	-52	0	0	0	0	0	0	0	0	0	0	0	0	0	0	0	0	0	0	0	1	0	1	0
15252	GART-G120	Yes	No	-52	0	0	1	0	0	0	0	0	0	1	0	1	0	0	0	0	0	0	0	0	0	0	0	0
15252	GART-G120	No	No	0	12	0	0	0	0	0	0	0	0	1	0	1	1	0	0	0	0	0	1	0	0	0	0	0
15253	GART-G121	Yes	No	-104	-52	0	0	0	0	0	0	0	0	0	0	0	0	0	0	0	0	0	0	0	1	0	1	0
15253	GART-G121	Yes	No	-52	0	0	1	0	0	0	0	0	0	0	0	1	1	0	0	0	0	0	0	0	0	0	0	0
15253	GART-G121	No	No	0	12	0	0	0	0	1	0	0	0	0	0	1	0	0	0	0	1	0	0	0	0	0	0	0
15254	GART-G122	Yes	No	-104	-52	0	0	0	0	0	0	0	0	0	0	0	0	0	0	0	0	0	0	0	1	0	1	0
15254	GART-G122	Yes	No	-52	0	0	1	0	0	0	0	0	1	0	0	0	1	0	0	0	0	0	0	0	0	0	0	0
15254	GART-G122	No	No	0	12	0	0	0	0	1	1	0	0	1	0	1	0	0	0	0	0	0	1	0	0	0	0	0
15255	GART-G123	Yes	No	-104	-52	0	0	0	0	0	0	0	0	0	0	0	0	0	0	0	0	0	0	0	1	0	1	0
15255	GART-G123	Yes	No	-52	0	0	0	0	1	0	0	0	0	0	0	1	1	0	0	0	0	0	0	0	0	0	0	0
15255	GART-G123	No	No	0	12	0	1	0	0	0	0	0	0	1	0	1	0	0	0	0	0	1	0	0	0	0	0	0
15256	GART-G124	Yes	No	-104	-52	0	0	0	0	0	0	0	0	0	0	0	0	0	0	0	0	0	0	0	1	0	1	0
15256	GART-G124	Yes	No	-52	0	0	1	0	0	0	0	0	0	0	0	1	1	0	0	0	0	0	0	0	0	0	0	0
15256	GART-G124	No	No	0	12	0	0	0	1	0	0	0	0	1	0	1	0	0	0	0	1	0	0	0	0	0	0	0
15257	GART-NG125	Yes	Yes	-104	-52	0	0	0	0	0	0	0	0	0	0	0	0	0	0	0	0	0	0	1	0	0	0	0
15257	GART-NG125	Yes	No	-52	0	0	1	0	0	0	0	0	0	0	0	1	1	0	0	0	0	0	0	0	0	0	0	0
15257	GART-NG125	No	No	0	12	0	0	0	0	1	1	0	0	0	0	0	0	0	0	0	1	0	0	0	0	0	0	0
15258	GART-G126	Yes	No	-104	-52	0	0	0	0	0	0	0	0	0	0	0	0	0	0	0	0	0	0	0	1	0	1	0
15258	GART-G126	Yes	No	-52	0	0	1	0	0	0	0	0	0	0	0	1	1	0	0	0	0	0	0	0	0	0	0	0
15258	GART-G126	No	No	0	12	0	0	0	1	0	0	0	0	1	0	1	0	0	0	0	0	0	0	0	0	0	0	0
15259	GART-NG127	Yes	Yes	-104	-52	0	0	0	0	0	0	0	0	0	0	0	0	0	0	0	0	0	0	1	0	0	0	0
15259	GART-NG127	Yes	No	-52	0	0	0	0	1	0	0	0	1	0	0	0	1	0	0	0	0	0	0	0	0	0	0	0
15259	GART-NG127	No	No	0	12	0	1	0	0	0	0	0	0	0	0	1	1	0	0	0	0	0	0	0	0	0	0	0
15260	GART-NG128	Yes	No	-104	-52	0	0	0	0	0	0	0	0	0	0	0	0	0	0	0	0	0	0	0	1	0	1	0
15260	GART-NG128	Yes	No	-52	0	0	0	0	1	0	0	0	1	0	0	0	1	0	0	0	0	0	0	0	0	0	0	0
15260	GART-NG128	No	No	0	12	0	1	0	0	0	0	0	0	0	0	1	0	0	0	0	0	0	1	0	0	0	0	0
15261	GART-G129	Yes	No	-104	-52	0	0	0	0	0	0	0	0	0	0	0	0	0	0	0	0	0	0	0	1	0	1	0
15261	GART-G129	Yes	No	-52	0	0	0	0	1	0	0	0	0	0	0	1	1	0	0	0	0	0	0	0	0	0	0	0
15261	GART-G129	No	No	0	12	0	0	0	0	1	1	0	0	0	0	1	0	0	0	0	1	0	0	0	0	0	0	0
15262	GART-G130	Yes	No	-104	-52	0	0	0	0	0	0	0	0	0	0	0	0	0	0	0	0	0	0	0	1	0	1	0
15262	GART-G130	Yes	No	-52	0	0	0	0	0	0	1	0	0	0	0	1	1	0	0	0	0	0	0	0	0	0	0	0
15262	GART-G130	No	No	0	12	0	0	0	0	1	1	0	0	0	0	1	0	0	0	0	1	0	0	0	0	0	0	0
15263	GART-NG131	Yes	Yes	-104	-52	0	0	0	0	0	0	0	0	0	0	0	0	0	0	0	0	0	0	1	0	0	0	0
15263	GART-NG131	Yes	No	-52	0	0	1	0	0	0	0	0	0	1	0	1	0	0	0	0	0	0	0	0	0	0	0	0
15263	GART-NG131	No	No	0	12	0	0	0	1	0	0	0	1	0	0	1	0	0	0	0	0	0	0	0	0	0	0	0
15264	GART-G132	Yes	No	-104	-52	0	0	0	0	0	0	0	0	0	0	0	0	0	0	0	0	0	0	0	1	0	1	0
15264	GART-G132	Yes	No	-52	0	0	0	0	1	0	0	0	0	0	0	1	1	0	0	0	0	0	0	0	0	0	0	0
15264	GART-G132	No	No	0	12	0	0	0	0	1	1	0	0	1	0	0	0	0	0	0	1	0	0	0	0	0	0	0
15265	GART-NG133	Yes	No	-104	-52	0	0	0	0	0	0	0	0	0	0	0	0	0	0	0	0	0	0	0	1	0	1	0
15265	GART-NG133	Yes	No	-52	0	0	0	0	1	0	0	0	0	0	0	1	1	0	0	0	0	0	0	0	0	0	0	0
15265	GART-NG133	No	No	0	12	0	0	0	0	1	1	0	0	1	0	0	0	0	0	0	0	0	0	0	0	0	0	0
15266	GART-G134	Yes	Yes	-104	-52	0	0	0	0	0	0	0	0	0	0	0	0	0	0	0	0	0	0	1	0	0	0	0
15266	GART-G134	Yes	No	-52	0	0	1	0	0	0	0	0	0	1	0	1	0	0	0	0	0	0	0	0	0	0	0	0
15266	GART-G134	No	No	0	12	0	0	0	0	1	1	0	0	1	0	1	0	0	0	0	1	0	0	0	0	0	0	0
15267	GART-NG135	Yes	No	-104	-52	0	0	0	0	0	0	0	0	0	0	0	0	0	0	0	0	0	0	0	1	0	1	0
15267	GART-NG135	Yes	No	-52	0	0	0	0	0	1	0	0	1	0	0	0	1	0	0	0	0	0	0	0	0	0	0	0
15267	GART-NG135	No	No	0	12	0	0	0	1	0	1	0	0	1	0	1	0	0	0	0	0	0	0	0	0	0	0	0
15268	GART-G136	Yes	No	-104	-52	0	0	0	0	0	0	0	0	0	0	0	0	0	0	0	0	0	0	0	1	0	1	0
15268	GART-G136	Yes	No	-52	0	0	0	0	1	0	0	0	0	0	0	1	1	0	0	0	0	0	0	0	0	0	0	0
15268	GART-G136	No	No	0	12	0	0	0	0	1	1	0	0	1	0	0	0	0	0	0	0	0	0	0	0	0	0	0
15269	GART-G137	Yes	No	-104	-52	0	0	0	0	0	0	0	0	0	0	0	0	0	0	0	0	0	0	0	1	0	1	0
15269	GART-G137	Yes	No	-52	0	0	1	0	0	0	0	0	1	0	0	0	1	0	0	0	0	0	0	0	0	0	0	0
15269	GART-G137	No	No	0	12	0	0	0	1	0	0	0	0	0	0	1	1	0	0	0	0	0	0	0	0	0	0	0
15270	GART-NG138	Yes	No	-104	-52	0	0	0	0	0	0	0	0	0	0	0	0	0	0	0	0	0	0	0	1	0	1	0
15270	GART-NG138	Yes	No	-52	0	0	1	0	0	0	0	0	0	0	0	1	1	0	0	0	0	0	0	0	0	0	0	0
15270	GART-NG138	No	No	0	12	0	0	0	1	0	0	0	0	0	0	1	0	0	0	0	1	0	0	0	0	0	0	0
15271	GART-NG139	Yes	No	-104	-52	0	0	0	0	0	0	0	0	0	0	0	0	0	0	0	0	0	0	0	1	0	1	0
15271	GART-NG139	Yes	No	-52	0	0	1	0	0	0	0	0	0	0	0	1	1	0	0	0	0	0	0	0	0	0	0	0
15271	GART-NG139	No	No	0	12	0	0	0	1	0	0	0	0	0	0	1	0	0	0	0	1	0	0	0	0	0	0	0
15272	GART-G140	Yes	No	-104	-52	0	0	0	0	0	0	0	0	0	0	0	0	0	0	0	0	0	0	0	1	0	1	0
15272	GART-G140	Yes	No	-52	0	0	1	0	0	0	0	0	1	0	0	0	1	0	0	0	0	0	0	0	0	0	0	0
15272	GART-G140	No	No	0	12	0	0	0	0	1	1	0	0	0	0	1	0	0	0	0	1	0	0	0	0	0	0	0
15273	GART-NG141	Yes	No	-104	-52	0	0	0	0	0	0	0	0	0	0	0	0	0	0	0	0	0	0	0	1	0	1	0
15273	GART-NG141	Yes	No	-52	0	0	0	0	1	0	0	0	0	0	0	1	1	0	0	0	0	0	0	0	0	0	0	0
15273	GART-NG141	No	No	0	12	0	1	0	0	0	0	0	0	1	0	0	0	0	0	0	1	0	0	0	0	0	0	0
15274	GART-NG142	Yes	No	-104	-52	0	0	0	0	0	0	0	0	0	0	0	0	0	0	0	0	0	0	0	1	0	1	0
15274	GART-NG142	Yes	No	-52	0	0	1	0	0	0	0	0	0	0	0	1	1	0	0	0	0	0	0	0	0	0	0	0
15274	GART-NG142	No	No	0	12	0	0	0	1	1	0	0	1	1	0	0	0	0	0	0	1	0	0	0	0	0	0	0
15275	GART-G143	Yes	No	-104	-52	0	0	0	0	0	0	0	0	0	0	0	0	0	0	0	0	0	0	0	1	0	1	0
15275	GART-G143	Yes	No	-52	0	0	1	0	0	0	0	0	1	0	0	0	1	0	0	0	0	0	0	0	0	0	0	0
15275	GART-G143	No	No	0	12	0	0	0	0	1	1	0	0	1	0	1	0	0	0	0	1	0	0	0	0	0	0	0
15276	GART-NG144	Yes	No	-104	-52	0	0	0	0	0	0	0	0	0	0	0	0	0	0	0	0	0	0	0	1	0	1	0
15276	GART-NG144	Yes	No	-52	0	0	1	0	0	0	0	0	1	0	0	0	1	0	0	0	0	0	0	0	0	0	0	0
15276	GART-NG144	No	No	0	12	0	0	0	1	0	0	0	0	1	0	1	0	0	0	0	1	0	0	0	0	0	0	0
15277	GART-NG145	Yes	No	-104	-52	0	0	0	0	0	0	0	0	0	0	0	0	0	0	0	0	0	0	0	1	0	1	0
15277	GART-NG145	Yes	No	-52	0	0	1	0	0	0	0	0	1	0	0	0	1	0	0	0	0	0	0	0	0	0	0	0
15277	GART-NG145	No	No	0	12	0	0	0	1	0	0	0	0	1	0	1	0	0	0	0	0	0	0	0	0	0	0	0
15278	GART-NG146	Yes	No	-104	-52	0	0	0	0	0	0	0	0	0	0	0	0	0	0	0	0	0	0	0	1	0	1	0
15278	GART-NG146	Yes	No	-52	0	0	0	0	1	0	0	0	1	0	0	0	1	0	0	0	0	0	0	0	0	0	0	0
15278	GART-NG146	No	No	0	12	0	0	0	0	1	1	0	0	1	0	0	0	0	0	0	1	0	0	0	0	0	0	0
15279	GART-G147	Yes	No	-104	-52	0	0	0	0	0	0	0	0	0	0	0	0	0	0	0	0	0	0	0	1	0	1	0
15279	GART-G147	Yes	No	-52	0	0	1	0	0	0	0	0	1	0	0	0	1	0	0	0	0	0	0	0	0	0	0	0
15279	GART-G147	No	No	0	12	0	0	0	0	1	1	0	0	0	0	1	0	0	0	0	1	0	0	0	0	0	0	0
15280	GART-G148	Yes	No	-104	-52	0	0	0	0	0	0	0	0	0	0	0	0	0	0	0	0	0	0	0	1	0	1	0
15280	GART-G148	Yes	No	-52	0	0	0	0	1	0	0	0	1	0	0	0	1	0	0	0	0	0	0	0	0	0	0	0
15280	GART-G148	No	No	0	12	0	0	0	0	1	1	0	0	1	0	1	0	0	0	0	0	0	0	0	0	0	0	0
15281	GART-G149	Yes	No	-104	-52	0	0	0	0	0	0	0	0	0	0	0	0	0	0	0	0	0	0	0	1	0	1	0
15281	GART-G149	Yes	No	-52	0	0	0	0	1	0	0	0	0	0	0	1	1	0	0	0	0	0	0	0	0	0	0	0
15281	GART-G149	No	No	0	12	0	0	0	0	1	0	0	0	0	0	1	0	0	0	0	0	1	0	0	0	0	0	0
15282	GART-G150	Yes	Yes	-104	-52	0	0	0	0	0	0	0	0	0	0	0	0	0	0	0	0	0	0	1	0	0	0	0
15282	GART-G150	Yes	No	-52	0	0	1	0	0	0	0	0	0	0	0	1	1	0	0	0	0	0	0	0	0	0	0	0
15282	GART-G150	No	No	0	12	0	0	0	0	1	1	0	0	1	0	0	0	0	0	0	0	0	0	0	0	0	0	0
15283	GART-G151	Yes	No	-104	-52	0	0	0	0	0	0	0	0	0	0	0	0	0	0	0	0	0	0	0	1	0	1	0
15283	GART-G151	Yes	No	-52	0	0	1	0	0	0	0	0	0	1	0	1	0	0	0	0	0	0	0	0	0	0	0	0
15283	GART-G151	No	No	0	12	0	0	0	0	1	1	0	1	0	0	0	1	0	0	0	0	0	1	0	0	0	0	0
15284	GART-G152	Yes	No	-104	-52	0	0	0	0	0	0	0	0	0	0	0	0	0	0	0	0	0	0	0	1	0	1	0
15284	GART-G152	Yes	No	-52	0	0	1	0	0	0	0	0	0	0	0	1	1	0	0	0	0	0	0	0	0	0	0	0
15284	GART-G152	No	No	0	12	0	0	0	1	0	0	0	1	0	0	0	1	0	0	0	1	0	0	0	0	0	0	0
15285	GART-G153	Yes	No	-104	-52	0	0	0	0	0	0	0	0	0	0	0	0	0	0	0	0	0	0	0	1	0	1	0
15285	GART-G153	Yes	No	-52	0	0	1	0	0	0	0	0	0	0	0	1	1	0	0	0	0	0	0	0	0	0	0	0
15285	GART-G153	No	No	0	12	0	1	0	0	0	0	0	0	0	0	1	1	0	0	0	0	0	0	0	0	0	0	0
