1000
10000
100008588
100008589
100009676
100126583
1003
10040
10049
10059
10060
10079
10092
10098
10112
10114
1012
10123
10125
1013
10133
10135
10147
10156
10158
1017
10197
1020
10202
10205
10215
10231
10252
10267
1028
10297
103
10313
10314
10318
10324
10345
10370
1038
10381
10382
10384
10391
10396
10398
104
1040
10409
10410
10418
10422
1043
10439
10455
1047
10471
10479
10483
10484
10485
10486
1051
10516
1052
10521
10522
10525
10529
10537
10548
10551
10560
10562
10570
10579
10580
10581
10602
10605
10611
10616
10628
10630
10631
10634
10659
10667
10675
10687
10690
10715
10721
10723
10725
10736
10737
10740
10742
10752
10758
10769
10776
10788
108
10810
10848
10857
10863
10875
10879
10891
10894
10900
10920
10928
10930
10950
10954
10962
10965
10982
10988
10989
11001
11014
11022
11030
11031
11033
11034
11039
11041
11069
11075
11076
11078
11127
1113
11138
1114
11141
11144
11154
11155
11156
11158
1116
11163
11166
11167
11168
11170
11177
11189
11197
1120
11200
11217
11224
1123
1124
11240
11254
11259
11332
1134
11340
11341
114088
1158
1159
1160
116039
116138
116372
1164
116496
116984
116987
117247
1183
1191
1192
120
1211
1212
125
126393
1264
1267
1268
1277
127703
1278
1281
1282
1285
1292
1293
1299
1305
1306
1316
1339
134
1346
1352
1363
1368
138046
138050
1385
1396
1399
140597
1410
1428
1431
1432
1463
1475
1490
149013
1496
150094
1501
150726
150759
150967
151011
151050
1520
152098
1525
1537
1545
154661
155066
1577
158
1580
158471
1595
1602
160518
1612
161291
1620
1629
162966
1632
1634
1641
165
1672
1674
1675
1730
1737
1738
1740
1748
1756
1759
1760
178
1780
18
1804
1805
1823
1829
183
1832
1837
1843
1845
1848
185
1875
1891
1909
1910
1917
1950
1952
1960
196403
1984
1993
1996
1999
20
2000
2002
200315
2018
2019
202
202134
2023
2026
2027
2028
2029
203
2030
2036
205
2051
2055
2058
2065
21
2101
2104
2110
2115
2122
2123
2130
214
2146
2150
2152
2167
2170
2173
2180
2192
219595
2202
221061
221092
221692
2217
221981
2246
2254
2257
2258
226
2261
2262
2263
2271
2273
22800
2281
22833
22836
22848
22849
22854
22861
22871
22873
22876
22891
2290
22902
22918
22924
22927
22933
2294
22941
22998
230
23013
23017
23024
23025
23029
23031
23032
23034
23037
23040
23049
23062
23066
23077
23089
2309
23095
23109
23114
23122
23127
23136
23139
23148
23154
23157
23158
23171
23176
2318
23181
23185
23201
23204
23205
23208
23209
23215
23224
23228
23229
23231
23239
23242
23245
23253
23261
23262
23264
23268
2327
23279
23281
23284
23285
23286
23287
23305
23313
23321
23325
23329
23335
23336
23349
2335
23362
23363
23366
23380
23387
23406
23408
23414
2342
23429
23433
23439
2346
23462
23516
23521
2353
23530
23536
2354
23544
23554
23593
23633
23657
23676
23677
23678
23705
23710
23764
23767
23779
240
2512
2533
2534
254102
2542
254531
2550
2555
2560
2571
2572
257407
25816
25822
25840
25854
25861
25865
2591
259217
25924
259266
25928
25959
2596
2597
25999
26012
26020
26033
26043
26045
26047
26049
26051
26052
26059
26095
26112
26115
26135
26136
26189
2620
26227
26232
2625
26255
2626
2627
26278
26287
26289
2629
26298
2631
2632
2633
2634
26353
2643
26509
2653
26548
26577
26585
2660
2664
267
2670
26873
2690
2697
26986
26999
270
27065
27074
27087
27122
27129
27134
27175
2719
27230
27231
27246
27253
27289
27292
27295
27324
27330
27335
27344
27347
274
2743
27445
2766
2770
2774
2775
2778
2781
2782
2785
2805
2806
2810
2819
28227
2823
2824
28299
283131
28396
284
2840
2841
2842
284403
28513
28568
286
2861
287
28786
28793
288
28815
28831
2888
2890
2891
2892
28959
28965
28969
28971
28978
28992
290
29044
29088
29091
29097
291
29106
29108
29109
29114
29118
29124
2913
2915
292
2920
2926
293
2932
2938
29760
29763
29780
2983
29887
29889
29895
29902
2992
29931
29968
29969
2997
29970
29995
30012
3033
307
3074
3082
30844
30851
30968
3105
3106
3107
3113
3117
3119
3134
3135
3146
3150
3156
3170
3176
3205
3206
321
3223
3226
3232
324
3248
3270
3298
33
3306
3308
3315
3316
333
334
3352
3358
338427
339047
339479
3398
3400
3418
3423
3426
3428
3454
3456
347733
347902
348
3481
3485
3487
3490
3491
349152
3493
3507
3512
3514
353189
3535
3554
3572
3576
3586
360
3600
361
3613
3669
3679
3688
3694
37
3708
3710
373156
374286
374291
3745
3751
3757
3759
3760
3761
3768
3773
3775
3781
3785
3790
3791
3796
3797
38
3800
3831
3836
384
3840
3845
3855
3856
3861
3875
387521
388
3880
389168
3904
3912
3914
3915
392
3925
3937
3953
3959
3964
3992
4008
400961
4015
402055
4023
4060
4062
4065
4069
4070
4072
4081
4082
4090
4091
4094
4099
411
4118
4121
4128
4130
4131
4137
414062
414308
4145
4147
4151
4155
4168
4170
4174
419
4190
4191
4199
4200
4204
4208
4212
4213
4222
4223
4248
4256
4258
4286
429
4291
4293
4297
43
4311
4316
4330
4332
4336
4340
4345
4352
4363
440270
441151
441454
442871
444
445347
4478
4499
4504
4534
4582
4591
460
4604
4606
4618
4619
4620
4622
4624
4625
4626
4627
4628
4629
4632
4633
4634
4646
4648
4651
4653
4659
466
467
4674
4675
4684
4693
4697
4703
4704
4722
4729
4735
4739
4741
4744
4747
4753
477
4771
4779
478
4781
4811
482
4821
4837
4850
4853
487
488
4885
4886
4891
4892
4897
4898
490
4905
491
4915
4916
4917
4928
4969
4973
4974
4976
4978
4988
50
5009
501
5029
5048
50486
50632
50649
5074
50802
50810
50848
50859
50863
509
5096
5100
51004
5101
5104
5105
51063
51070
51076
51090
51101
51186
51195
51203
51204
51207
5121
5126
51279
5129
513
5130
51303
51306
51310
51313
51316
51319
51334
51335
51338
51351
51361
51412
5142
5143
51514
5156
51560
51573
51575
51599
5160
51616
51626
5164
51652
5166
51663
51673
5168
5170
51705
51706
51710
51725
51735
5174
51747
51761
51773
51778
5178
5205
5207
5213
5214
5223
5224
523
5236
5244
5253
5264
5265
5270
5274
5295
5305
5308
5332
5334
53346
53353
534
53405
5348
5349
5350
5354
53616
5371
5372
5375
5376
53822
53905
54
54014
5414
54386
54413
5442
5445
54453
54477
54496
5450
54502
5454
54566
54575
546
54674
547
54704
54715
54718
54737
54769
54777
5478
5480
54800
54810
54829
54832
54847
54848
54873
54886
54898
54918
54927
54941
55013
5502
55026
55041
5506
55062
55068
55069
5507
55076
55084
55089
55108
55120
55145
55151
55176
55208
5521
55214
55228
5523
55244
5526
55273
55278
5531
55314
5532
5533
55335
5534
55384
55450
5550
5551
55521
55573
55589
55603
55607
55619
5563
55638
55640
55652
5567
55686
5569
55700
55704
55707
5571
55714
55720
5575
55753
5577
55771
55778
5578
5579
55790
55799
55827
55854
55856
55859
55861
55885
55907
5592
55966
5597
55970
55975
5608
5609
56134
56180
5625
56252
5627
56271
563
5634
5652
56650
56675
56681
567
56829
56892
56911
56934
56935
5696
56967
56997
5700
57017
57030
57062
57084
57110
57111
57144
57157
57178
57183
57188
57205
57211
5723
5724
5725
5730
5733
5734
57348
57406
57415
57419
5743
57447
57460
57473
57498
57502
57538
57556
5756
5757
57579
576
5764
57644
57698
577
57711
57730
5774
5783
5788
5789
5792
5796
5799
58
5800
5803
5806
5810
5813
5837
58472
58473
58478
58495
58516
58517
58528
5873
5886
5910
5913
5918
5920
59272
5932
59340
59344
59353
5937
595
5950
596
597
5996
5999
60
6000
602
6038
610
6122
6123
6132
6159
6175
6185
6187
6192
6197
6236
6252
6253
6257
6258
6262
6263
627
6271
6272
6275
6279
6285
6286
6299
6319
6323
6324
6328
6337
6352
6382
63827
6387
63876
6390
63934
63941
63982
6404
64065
64091
64092
64116
64130
64135
6415
64167
64208
6422
64328
643287
643314
64359
64397
6442
6443
6444
6445
6447
6450
64506
6451
6456
6457
64750
64778
64787
64798
64850
64854
64866
6492
6493
6495
65009
65018
6505
65055
6506
6508
6509
65125
6515
6518
65258
6529
653
6535
655
6563
6566
6579
6588
6591
6597
65982
65983
65987
66008
6604
6616
6620
6622
6624
663
6638
6640
6657
6662
6663
667
6672
6690
6692
6695
6696
6710
6711
6715
6717
6733
6736
6746
6750
6760
677
6778
678
6785
6790
6812
6814
6840
6843
6857
6863
6867
6890
6899
6919
6935
694
6943
6945
6949
70
7004
7018
7025
7026
7035
7041
7045
7048
7050
7052
7056
7057
7070
7076
7086
7095
71
710
7103
7107
7111
7113
7114
7125
713
7132
7134
7135
7136
7138
7140
7150
7153
7164
7168
7169
7216
7220
7249
7262
7273
7277
727893
728
7280
728160
728239
7291
729222
730
730092
7306
7318
7321
7345
7352
7357
7358
7360
7368
7372
7373
7381
7384
7386
7399
7412
7414
7416
7417
7419
7421
744
7447
745
7461
7490
7494
7503
7504
7531
754
7545
7556
760
761
7626
770
771
7710
773
7764
7767
779
7803
7804
783
7840
7852
7855
7857
786
7867
7881
78986
79005
79026
79073
79091
7915
79152
79157
79161
79170
79180
793
79365
79442
7957
79589
79622
79634
79641
7965
79667
79682
79695
79733
79739
79755
7976
79785
79789
79838
79839
79870
79872
79884
79899
7991
79929
79933
79938
79939
79953
79957
79961
79969
79971
79982
80004
80036
80047
80097
801
80110
80150
80155
80157
80179
80183
80206
80254
80258
80303
8048
8076
80830
81031
8106
8120
8140
81539
81551
81553
81563
81578
816
81606
81618
81624
8165
81689
81796
818
81831
81849
81875
8214
8218
8237
825
8260
8284
8287
8315
8321
8323
8324
8339
834
83439
83447
83460
8347
8360
83604
8395
83988
8402
8406
8407
841
8411
84172
8418
8424
84263
8436
844
8445
845
84525
84617
8462
847
84722
8476
8477
84786
84789
84820
84900
8492
8496
84981
8499
8502
8507
8514
8519
8522
85236
8531
8534
8537
8549
8555
8557
857
8572
8577
858
859
8604
8605
8612
8618
862
8622
8626
8630
864
8653
8665
8671
8673
8682
8687
87
8706
8707
8715
8735
8736
8743
8780
8788
8789
8795
88
8801
8826
8829
8832
8843
8851
886
8867
8870
8871
8880
8897
8899
89
8905
8936
894
8942
8975
8976
89795
8987
8988
9019
90338
90355
90410
9043
9050
9053
9060
9061
9073
9076
908
9086
9112
9118
9122
9123
9124
9126
9131
91353
9140
9143
9145
9148
9172
91752
91807
9200
9201
9204
9208
9210
9211
9235
9240
9260
9261
928
9289
929
9314
9315
9317
9328
9332
934
93408
9355
9362
9363
9369
9370
9371
9377
9378
9379
9435
9444
9445
945387
9456
9457
9470
9472
948
9487
9498
9499
9516
9518
9525
9532
9547
9552
9556
9568
9569
9588
9592
9595
960
9645
965
9659
9669
9670
9672
969
9697
9699
9702
9705
9715
9725
9728
9729
9732
9736
9737
9738
975
9750
9751
9764
9770
9771
9774
9776
9782
9783
9787
9788
9796
98
9806
9829
983
9830
9833
9843
9844
9848
9853
9856
9863
9865
9882
9890
9892
9900
9904
9910
9911
9912
9915
9920
9936
9949
9958
998
999